Time,"Oil temperature","Coolant temperature","Intake air temperature","Boost pressure","Engine speed","Vehicle speed","Actual gear","Lambda actual value","Boost pressure setpoint","Boost pressure raw value","Intake manifold absolute pressure","Air mass flow","Coordinated target torque on the wheel","Normalized accelerator pedal angle"
0.000,0,0,0,0,0,0,0,0,0,15.72,0,0,0,0
0.149,0,0,0,0,0,0,0,0,0,15.72,13.89,0,0,0
0.299,0,0,0,0,0,0,0,0,0,15.72,13.89,32.00,0,0
0.449,0,0,0,0,0,0,0,0,0,15.72,13.89,32.00,63.43,0
0.599,0,0,0,0,0,0,0,0,0,15.72,13.89,32.00,63.43,10.25
0.748,208.40,0,0,0,0,0,0,0,0,15.72,13.89,32.00,63.43,10.25
0.929,208.40,206.53,0,0,0,0,0,0,0,15.72,13.89,32.00,63.43,10.25
1.109,208.40,206.53,118.40,0,0,0,0,0,0,15.72,13.89,32.00,63.43,10.25
1.259,208.40,206.53,118.40,0.78,0,0,0,0,0,15.72,13.89,32.00,63.43,10.25
1.409,208.40,206.53,118.40,0.78,2183.50,0,0,0,0,15.72,13.89,32.00,63.43,10.25
1.589,208.40,206.53,118.40,0.78,2183.50,33.99,0,0,0,15.72,13.89,32.00,63.43,10.25
1.738,208.40,206.53,118.40,0.78,2183.50,33.99,4.00,0,0,15.72,13.89,32.00,63.43,10.25
1.889,208.40,206.53,118.40,0.78,2183.50,33.99,4.00,1.06,0,15.72,13.89,32.00,63.43,10.25
2.039,208.40,206.53,118.40,0.78,2183.50,33.99,4.00,1.06,0.00,15.72,13.89,32.00,63.43,10.25
2.221,208.40,206.53,118.40,0.78,2183.50,33.99,4.00,1.06,0.00,15.22,13.89,32.00,63.43,10.25
2.369,208.40,206.53,118.40,0.78,2183.50,33.99,4.00,1.06,0.00,15.22,13.93,32.00,63.43,10.25
2.521,208.40,206.53,118.40,0.78,2183.50,33.99,4.00,1.06,0.00,15.22,13.93,16.00,63.43,10.25
2.669,208.40,206.53,118.40,0.78,2183.50,33.99,4.00,1.06,0.00,15.22,13.93,16.00,-31.72,10.25
2.820,208.40,206.53,118.40,0.78,2183.50,33.99,4.00,1.06,0.00,15.22,13.93,16.00,-31.72,0.00
2.969,208.40,206.53,118.40,0.78,2183.50,33.99,4.00,1.06,0.00,15.22,13.93,16.00,-31.72,0.00
3.121,208.40,206.71,118.40,0.78,2183.50,33.99,4.00,1.06,0.00,15.22,13.93,16.00,-31.72,0.00
3.268,208.40,206.71,119.75,0.78,2183.50,33.99,4.00,1.06,0.00,15.22,13.93,16.00,-31.72,0.00
3.421,208.40,206.71,119.75,0.64,2183.50,33.99,4.00,1.06,0.00,15.22,13.93,16.00,-31.72,0.00
3.569,208.40,206.71,119.75,0.64,2054.50,33.99,4.00,1.06,0.00,15.22,13.93,16.00,-31.72,0.00
3.721,208.40,206.71,119.75,0.64,2054.50,32.20,4.00,1.06,0.00,15.22,13.93,16.00,-31.72,0.00
3.869,208.40,206.71,119.75,0.64,2054.50,32.20,4.00,1.06,0.00,15.22,13.93,16.00,-31.72,0.00
4.021,208.40,206.71,119.75,0.64,2054.50,32.20,4.00,15.57,0.00,15.22,13.93,16.00,-31.72,0.00
4.169,208.40,206.71,119.75,0.64,2054.50,32.20,4.00,15.57,0.00,15.22,13.93,16.00,-31.72,0.00
4.321,208.40,206.71,119.75,0.64,2054.50,32.20,4.00,15.57,0.00,15.41,13.93,16.00,-31.72,0.00
4.469,208.40,206.71,119.75,0.64,2054.50,32.20,4.00,15.57,0.00,15.41,14.03,16.00,-31.72,0.00
4.635,208.40,206.71,119.75,0.64,2054.50,32.20,4.00,15.57,0.00,15.41,14.03,16.00,-31.72,0.00
4.768,208.40,206.71,119.75,0.64,2054.50,32.20,4.00,15.57,0.00,15.41,14.03,16.00,-36.88,0.00
4.921,208.40,206.71,119.75,0.64,2054.50,32.20,4.00,15.57,0.00,15.41,14.03,16.00,-36.88,0.00
5.069,208.40,206.71,119.75,0.64,2054.50,32.20,4.00,15.57,0.00,15.41,14.03,16.00,-36.88,0.00
5.221,208.40,206.71,119.75,0.64,2054.50,32.20,4.00,15.57,0.00,15.41,14.03,16.00,-36.88,0.00
5.369,208.40,206.71,119.75,0.64,2054.50,32.20,4.00,15.57,0.00,15.41,14.03,16.00,-36.88,0.00
5.521,208.40,206.71,119.75,0.67,2054.50,32.20,4.00,15.57,0.00,15.41,14.03,16.00,-36.88,0.00
5.669,208.40,206.71,119.75,0.67,1759.00,32.20,4.00,15.57,0.00,15.41,14.03,16.00,-36.88,0.00
5.820,208.40,206.71,119.75,0.67,1759.00,27.56,4.00,15.57,0.00,15.41,14.03,16.00,-36.88,0.00
5.969,208.40,206.71,119.75,0.67,1759.00,27.56,4.00,15.57,0.00,15.41,14.03,16.00,-36.88,0.00
6.121,208.40,206.71,119.75,0.67,1759.00,27.56,4.00,16.00,0.00,15.41,14.03,16.00,-36.88,0.00
6.269,208.40,206.71,119.75,0.67,1759.00,27.56,4.00,16.00,0.00,15.41,14.03,16.00,-36.88,0.00
6.421,208.40,206.71,119.75,0.67,1759.00,27.56,4.00,16.00,0.00,15.34,14.03,16.00,-36.88,0.00
6.569,208.40,206.71,119.75,0.67,1759.00,27.56,4.00,16.00,0.00,15.34,14.02,16.00,-36.88,0.00
6.721,208.40,206.71,119.75,0.67,1759.00,27.56,4.00,16.00,0.00,15.34,14.02,20.00,-36.88,0.00
6.869,208.40,206.71,119.75,0.67,1759.00,27.56,4.00,16.00,0.00,15.34,14.02,20.00,-36.88,0.00
7.021,208.40,206.71,119.75,0.67,1759.00,27.56,4.00,16.00,0.00,15.34,14.02,20.00,-36.88,0.00
7.169,208.40,206.71,119.75,0.67,1759.00,27.56,4.00,16.00,0.00,15.34,14.02,20.00,-36.88,0.00
7.321,208.40,206.53,119.75,0.67,1759.00,27.56,4.00,16.00,0.00,15.34,14.02,20.00,-36.88,0.00
7.469,208.40,206.53,119.75,0.67,1759.00,27.56,4.00,16.00,0.00,15.34,14.02,20.00,-36.88,0.00
7.621,208.40,206.53,119.75,0.49,1759.00,27.56,4.00,16.00,0.00,15.34,14.02,20.00,-36.88,0.00
7.769,208.40,206.53,119.75,0.49,1971.50,27.56,4.00,16.00,0.00,15.34,14.02,20.00,-36.88,0.00
7.921,208.40,206.53,119.75,0.49,1971.50,24.48,4.00,16.00,0.00,15.34,14.02,20.00,-36.88,0.00
8.068,208.40,206.53,119.75,0.49,1971.50,24.48,3.00,16.00,0.00,15.34,14.02,20.00,-36.88,0.00
8.221,208.40,206.53,119.75,0.49,1971.50,24.48,3.00,1.03,0.00,15.34,14.02,20.00,-36.88,0.00
8.399,208.40,206.53,119.75,0.49,1971.50,24.48,3.00,1.03,0.00,15.34,14.02,20.00,-36.88,0.00
8.549,208.40,206.53,119.75,0.49,1971.50,24.48,3.00,1.03,0.00,15.03,14.02,20.00,-36.88,0.00
8.729,208.40,206.53,119.75,0.49,1971.50,24.48,3.00,1.03,0.00,15.03,13.95,20.00,-36.88,0.00
8.879,208.40,206.53,119.75,0.49,1971.50,24.48,3.00,1.03,0.00,15.03,13.95,16.00,-36.88,0.00
9.029,208.40,206.53,119.75,0.49,1971.50,24.48,3.00,1.03,0.00,15.03,13.95,16.00,-36.88,0.00
9.179,208.40,206.53,119.75,0.49,1971.50,24.48,3.00,1.03,0.00,15.03,13.95,16.00,-36.88,0.66
9.329,208.40,206.53,119.75,0.49,1971.50,24.48,3.00,1.03,0.00,15.03,13.95,16.00,-36.88,0.66
9.479,208.40,206.35,119.75,0.49,1971.50,24.48,3.00,1.03,0.00,15.03,13.95,16.00,-36.88,0.66
9.629,208.40,206.35,119.75,0.49,1971.50,24.48,3.00,1.03,0.00,15.03,13.95,16.00,-36.88,0.66
9.779,208.40,206.35,119.75,0.41,1971.50,24.48,3.00,1.03,0.00,15.03,13.95,16.00,-36.88,0.66
9.928,208.40,206.35,119.75,0.41,1861.00,24.48,3.00,1.03,0.00,15.03,13.95,16.00,-36.88,0.66
10.078,208.40,206.35,119.75,0.41,1861.00,22.66,3.00,1.03,0.00,15.03,13.95,16.00,-36.88,0.66
10.228,208.40,206.35,119.75,0.41,1861.00,22.66,3.00,1.03,0.00,15.03,13.95,16.00,-36.88,0.66
10.379,208.40,206.35,119.75,0.41,1861.00,22.66,3.00,0.97,0.00,15.03,13.95,16.00,-36.88,0.66
10.529,208.40,206.35,119.75,0.41,1861.00,22.66,3.00,0.97,0.01,15.03,13.95,16.00,-36.88,0.66
10.679,208.40,206.35,119.75,0.41,1861.00,22.66,3.00,0.97,0.01,15.16,13.95,16.00,-36.88,0.66
10.829,208.40,206.35,119.75,0.41,1861.00,22.66,3.00,0.97,0.01,15.16,14.01,16.00,-36.88,0.66
10.979,208.40,206.35,119.75,0.41,1861.00,22.66,3.00,0.97,0.01,15.16,14.01,36.00,-36.88,0.66
11.129,208.40,206.35,119.75,0.41,1861.00,22.66,3.00,0.97,0.01,15.16,14.01,36.00,181.44,0.66
11.279,208.40,206.35,119.75,0.41,1861.00,22.66,3.00,0.97,0.01,15.16,14.01,36.00,181.44,13.24
11.429,208.40,206.35,119.75,0.41,1861.00,22.66,3.00,0.97,0.01,15.16,14.01,36.00,181.44,13.24
11.579,208.40,206.17,119.75,0.41,1861.00,22.66,3.00,0.97,0.01,15.16,14.01,36.00,181.44,13.24
11.729,208.40,206.17,119.75,0.41,1861.00,22.66,3.00,0.97,0.01,15.16,14.01,36.00,181.44,13.24
11.879,208.40,206.17,119.75,0.54,1861.00,22.66,3.00,0.97,0.01,15.16,14.01,36.00,181.44,13.24
12.029,208.40,206.17,119.75,0.54,1892.50,22.66,3.00,0.97,0.01,15.16,14.01,36.00,181.44,13.24
12.179,208.40,206.17,119.75,0.54,1892.50,23.33,3.00,0.97,0.01,15.16,14.01,36.00,181.44,13.24
12.329,208.40,206.17,119.75,0.54,1892.50,23.33,3.00,0.97,0.01,15.16,14.01,36.00,181.44,13.24
12.479,208.40,206.17,119.75,0.54,1892.50,23.33,3.00,0.97,0.01,15.16,14.01,36.00,181.44,13.24
12.629,208.40,206.17,119.75,0.54,1892.50,23.33,3.00,0.97,0.08,15.16,14.01,36.00,181.44,13.24
12.779,208.40,206.17,119.75,0.54,1892.50,23.33,3.00,0.97,0.08,16.21,14.01,36.00,181.44,13.24
12.929,208.40,206.17,119.75,0.54,1892.50,23.33,3.00,0.97,0.08,16.21,14.39,36.00,181.44,13.24
13.079,208.40,206.17,119.75,0.54,1892.50,23.33,3.00,0.97,0.08,16.21,14.39,40.00,181.44,13.24
13.228,208.40,206.17,119.75,0.54,1892.50,23.33,3.00,0.97,0.08,16.21,14.39,40.00,329.69,13.24
13.379,208.40,206.17,119.75,0.54,1892.50,23.33,3.00,0.97,0.08,16.21,14.39,40.00,329.69,12.24
13.528,208.40,206.17,119.75,0.54,1892.50,23.33,3.00,0.97,0.08,16.21,14.39,40.00,329.69,12.24
13.679,208.40,205.99,119.75,0.54,1892.50,23.33,3.00,0.97,0.08,16.21,14.39,40.00,329.69,12.24
13.859,208.40,205.99,119.75,0.54,1892.50,23.33,3.00,0.97,0.08,16.21,14.39,40.00,329.69,12.24
14.009,208.40,205.99,119.75,1.12,1892.50,23.33,3.00,0.97,0.08,16.21,14.39,40.00,329.69,12.24
14.159,208.40,205.99,119.75,1.12,2102.00,23.33,3.00,0.97,0.08,16.21,14.39,40.00,329.69,12.24
14.309,208.40,205.99,119.75,1.12,2102.00,25.97,3.00,0.97,0.08,16.21,14.39,40.00,329.69,12.24
14.459,208.40,205.99,119.75,1.12,2102.00,25.97,3.00,0.97,0.08,16.21,14.39,40.00,329.69,12.24
14.609,208.40,205.99,119.75,1.12,2102.00,25.97,3.00,0.97,0.08,16.21,14.39,40.00,329.69,12.24
14.759,208.40,205.99,119.75,1.12,2102.00,25.97,3.00,0.97,1.30,16.21,14.39,40.00,329.69,12.24
14.908,208.40,205.99,119.75,1.12,2102.00,25.97,3.00,0.97,1.30,17.39,14.39,40.00,329.69,12.24
15.058,208.40,205.99,119.75,1.12,2102.00,25.97,3.00,0.97,1.30,17.39,15.02,40.00,329.69,12.24
15.209,208.40,205.99,119.75,1.12,2102.00,25.97,3.00,0.97,1.30,17.39,15.02,120.00,329.69,12.24
15.359,208.40,205.99,119.75,1.12,2102.00,25.97,3.00,0.97,1.30,17.39,15.02,120.00,630.62,12.24
15.509,208.40,205.99,119.75,1.12,2102.00,25.97,3.00,0.97,1.30,17.39,15.02,120.00,630.62,23.17
15.659,208.40,205.99,119.75,1.12,2102.00,25.97,3.00,0.97,1.30,17.39,15.02,120.00,630.62,23.17
15.809,208.40,205.81,119.75,1.12,2102.00,25.97,3.00,0.97,1.30,17.39,15.02,120.00,630.62,23.17
15.959,208.40,205.81,118.40,1.12,2102.00,25.97,3.00,0.97,1.30,17.39,15.02,120.00,630.62,23.17
16.108,208.40,205.81,118.40,3.48,2102.00,25.97,3.00,0.97,1.30,17.39,15.02,120.00,630.62,23.17
16.289,208.40,205.81,118.40,3.48,2558.00,25.97,3.00,0.97,1.30,17.39,15.02,120.00,630.62,23.17
16.439,208.40,205.81,118.40,3.48,2558.00,31.71,3.00,0.97,1.30,17.39,15.02,120.00,630.62,23.17
16.588,208.40,205.81,118.40,3.48,2558.00,31.71,3.00,0.97,1.30,17.39,15.02,120.00,630.62,23.17
16.738,208.40,205.81,118.40,3.48,2558.00,31.71,3.00,1.00,1.30,17.39,15.02,120.00,630.62,23.17
16.889,208.40,205.81,118.40,3.48,2558.00,31.71,3.00,1.00,0.03,17.39,15.02,120.00,630.62,23.17
17.039,208.40,205.81,118.40,3.48,2558.00,31.71,3.00,1.00,0.03,17.51,15.02,120.00,630.62,23.17
17.189,208.40,205.81,118.40,3.48,2558.00,31.71,3.00,1.00,0.03,17.51,14.02,120.00,630.62,23.17
17.339,208.40,205.81,118.40,3.48,2558.00,31.71,3.00,1.00,0.03,17.51,14.02,64.00,630.62,23.17
17.488,208.40,205.81,118.40,3.48,2558.00,31.71,3.00,1.00,0.03,17.51,14.02,64.00,413.03,23.17
17.639,208.40,205.81,118.40,3.48,2558.00,31.71,3.00,1.00,0.03,17.51,14.02,64.00,413.03,15.22
17.788,208.40,205.81,118.40,3.48,2558.00,31.71,3.00,1.00,0.03,17.51,14.02,64.00,413.03,15.22
17.939,208.40,205.63,118.40,3.48,2558.00,31.71,3.00,1.00,0.03,17.51,14.02,64.00,413.03,15.22
18.089,208.40,205.63,117.05,3.48,2558.00,31.71,3.00,1.00,0.03,17.51,14.02,64.00,413.03,15.22
18.238,208.40,205.63,117.05,1.84,2558.00,31.71,3.00,1.00,0.03,17.51,14.02,64.00,413.03,15.22
18.388,208.40,205.63,117.05,1.84,2225.50,31.71,3.00,1.00,0.03,17.51,14.02,64.00,413.03,15.22
18.538,208.40,205.63,117.05,1.84,2225.50,34.64,3.00,1.00,0.03,17.51,14.02,64.00,413.03,15.22
18.688,208.40,205.63,117.05,1.84,2225.50,34.64,4.00,1.00,0.03,17.51,14.02,64.00,413.03,15.22
18.839,208.40,205.63,117.05,1.84,2225.50,34.64,4.00,1.02,0.03,17.51,14.02,64.00,413.03,15.22
18.988,208.40,205.63,117.05,1.84,2225.50,34.64,4.00,1.02,0.03,17.51,14.02,64.00,413.03,15.22
19.139,208.40,205.63,117.05,1.84,2225.50,34.64,4.00,1.02,0.03,16.77,14.02,64.00,413.03,15.22
19.288,208.40,205.63,117.05,1.84,2225.50,34.64,4.00,1.02,0.03,16.77,14.01,64.00,413.03,15.22
19.439,208.40,205.63,117.05,1.84,2225.50,34.64,4.00,1.02,0.03,16.77,14.01,100.00,413.03,15.22
19.589,208.40,205.63,117.05,1.84,2225.50,34.64,4.00,1.02,0.03,16.77,14.01,100.00,387.22,15.22
19.738,208.40,205.63,117.05,1.84,2225.50,34.64,4.00,1.02,0.03,16.77,14.01,100.00,387.22,18.87
19.888,208.40,205.63,117.05,1.84,2225.50,34.64,4.00,1.02,0.03,16.77,14.01,100.00,387.22,18.87
20.039,208.40,205.63,117.05,1.84,2225.50,34.64,4.00,1.02,0.03,16.77,14.01,100.00,387.22,18.87
20.188,208.40,205.63,117.05,1.84,2225.50,34.64,4.00,1.02,0.03,16.77,14.01,100.00,387.22,18.87
20.339,208.40,205.63,117.05,2.55,2225.50,34.64,4.00,1.02,0.03,16.77,14.01,100.00,387.22,18.87
20.489,208.40,205.63,117.05,2.55,2425.50,34.64,4.00,1.02,0.03,16.77,14.01,100.00,387.22,18.87
20.639,208.40,205.63,117.05,2.55,2425.50,37.72,4.00,1.02,0.03,16.77,14.01,100.00,387.22,18.87
20.788,208.40,205.63,117.05,2.55,2425.50,37.72,4.00,1.02,0.03,16.77,14.01,100.00,387.22,18.87
20.938,208.40,205.63,117.05,2.55,2425.50,37.72,4.00,1.00,0.03,16.77,14.01,100.00,387.22,18.87
21.088,208.40,205.63,117.05,2.55,2425.50,37.72,4.00,1.00,0.03,16.77,14.01,100.00,387.22,18.87
21.239,208.40,205.63,117.05,2.55,2425.50,37.72,4.00,1.00,0.03,17.20,14.01,100.00,387.22,18.87
21.421,208.40,205.63,117.05,2.55,2425.50,37.72,4.00,1.00,0.03,17.20,14.03,100.00,387.22,18.87
21.569,208.40,205.63,117.05,2.55,2425.50,37.72,4.00,1.00,0.03,17.20,14.03,92.00,387.22,18.87
21.720,208.40,205.63,117.05,2.55,2425.50,37.72,4.00,1.00,0.03,17.20,14.03,92.00,335.59,18.87
21.869,208.40,205.63,117.05,2.55,2425.50,37.72,4.00,1.00,0.03,17.20,14.03,92.00,335.59,17.87
22.020,208.40,205.63,117.05,2.55,2425.50,37.72,4.00,1.00,0.03,17.20,14.03,92.00,335.59,17.87
22.169,208.40,205.99,117.05,2.55,2425.50,37.72,4.00,1.00,0.03,17.20,14.03,92.00,335.59,17.87
22.320,208.40,205.99,117.05,2.55,2425.50,37.72,4.00,1.00,0.03,17.20,14.03,92.00,335.59,17.87
22.469,208.40,205.99,117.05,2.05,2425.50,37.72,4.00,1.00,0.03,17.20,14.03,92.00,335.59,17.87
22.620,208.40,205.99,117.05,2.05,2558.50,37.72,4.00,1.00,0.03,17.20,14.03,92.00,335.59,17.87
22.769,208.40,205.99,117.05,2.05,2558.50,40.03,4.00,1.00,0.03,17.20,14.03,92.00,335.59,17.87
22.920,208.40,205.99,117.05,2.05,2558.50,40.03,4.00,1.00,0.03,17.20,14.03,92.00,335.59,17.87
23.068,208.40,205.99,117.05,2.05,2558.50,40.03,4.00,0.99,0.03,17.20,14.03,92.00,335.59,17.87
23.219,208.40,205.99,117.05,2.05,2558.50,40.03,4.00,0.99,0.00,17.20,14.03,92.00,335.59,17.87
23.369,208.40,205.99,117.05,2.05,2558.50,40.03,4.00,0.99,0.00,15.84,14.03,92.00,335.59,17.87
23.520,208.40,205.99,117.05,2.05,2558.50,40.03,4.00,0.99,0.00,15.84,13.75,92.00,335.59,17.87
23.669,208.40,205.99,117.05,2.05,2558.50,40.03,4.00,0.99,0.00,15.84,13.75,20.00,335.59,17.87
23.820,208.40,205.99,117.05,2.05,2558.50,40.03,4.00,0.99,0.00,15.84,13.75,20.00,-11.80,17.87
23.969,208.40,205.99,117.05,2.05,2558.50,40.03,4.00,0.99,0.00,15.84,13.75,20.00,-11.80,0.99
24.119,208.40,205.99,117.05,2.05,2558.50,40.03,4.00,0.99,0.00,15.84,13.75,20.00,-11.80,0.99
24.269,208.40,206.35,117.05,2.05,2558.50,40.03,4.00,0.99,0.00,15.84,13.75,20.00,-11.80,0.99
24.419,208.40,206.35,117.05,2.05,2558.50,40.03,4.00,0.99,0.00,15.84,13.75,20.00,-11.80,0.99
24.569,208.40,206.35,117.05,0.72,2558.50,40.03,4.00,0.99,0.00,15.84,13.75,20.00,-11.80,0.99
24.720,208.40,206.35,117.05,0.72,2451.50,40.03,4.00,0.99,0.00,15.84,13.75,20.00,-11.80,0.99
24.869,208.40,206.35,117.05,0.72,2451.50,38.10,4.00,0.99,0.00,15.84,13.75,20.00,-11.80,0.99
25.020,208.40,206.35,117.05,0.72,2451.50,38.10,4.00,0.99,0.00,15.84,13.75,20.00,-11.80,0.99
25.169,208.40,206.35,117.05,0.72,2451.50,38.10,4.00,0.99,0.00,15.84,13.75,20.00,-11.80,0.99
25.320,208.40,206.35,117.05,0.72,2451.50,38.10,4.00,0.99,0.00,15.84,13.75,20.00,-11.80,0.99
25.469,208.40,206.35,117.05,0.72,2451.50,38.10,4.00,0.99,0.00,15.41,13.75,20.00,-11.80,0.99
25.620,208.40,206.35,117.05,0.72,2451.50,38.10,4.00,0.99,0.00,15.41,14.01,20.00,-11.80,0.99
25.769,208.40,206.35,117.05,0.72,2451.50,38.10,4.00,0.99,0.00,15.41,14.01,20.00,-11.80,0.99
25.920,208.40,206.35,117.05,0.72,2451.50,38.10,4.00,0.99,0.00,15.41,14.01,20.00,-36.88,0.99
26.069,208.40,206.35,117.05,0.72,2451.50,38.10,4.00,0.99,0.00,15.41,14.01,20.00,-36.88,0.99
26.219,208.40,206.35,117.05,0.72,2451.50,38.10,4.00,0.99,0.00,15.41,14.01,20.00,-36.88,0.99
26.369,208.40,206.53,117.05,0.72,2451.50,38.10,4.00,0.99,0.00,15.41,14.01,20.00,-36.88,0.99
26.520,208.40,206.53,118.40,0.72,2451.50,38.10,4.00,0.99,0.00,15.41,14.01,20.00,-36.88,0.99
26.669,208.40,206.53,118.40,0.47,2451.50,38.10,4.00,0.99,0.00,15.41,14.01,20.00,-36.88,0.99
26.820,208.40,206.53,118.40,0.47,2325.00,38.10,4.00,0.99,0.00,15.41,14.01,20.00,-36.88,0.99
26.969,208.40,206.53,118.40,0.47,2325.00,36.40,4.00,0.99,0.00,15.41,14.01,20.00,-36.88,0.99
27.120,208.40,206.53,118.40,0.47,2325.00,36.40,4.00,0.99,0.00,15.41,14.01,20.00,-36.88,0.99
27.269,208.40,206.53,118.40,0.47,2325.00,36.40,4.00,1.29,0.00,15.41,14.01,20.00,-36.88,0.99
27.420,208.40,206.53,118.40,0.47,2325.00,36.40,4.00,1.29,0.00,15.41,14.01,20.00,-36.88,0.99
27.569,208.40,206.53,118.40,0.47,2325.00,36.40,4.00,1.29,0.00,15.22,14.01,20.00,-36.88,0.99
27.720,208.40,206.53,118.40,0.47,2325.00,36.40,4.00,1.29,0.00,15.22,14.06,20.00,-36.88,0.99
27.869,208.40,206.53,118.40,0.47,2325.00,36.40,4.00,1.29,0.00,15.22,14.06,20.00,-36.88,0.99
28.020,208.40,206.53,118.40,0.47,2325.00,36.40,4.00,1.29,0.00,15.22,14.06,20.00,-36.88,0.99
28.169,208.40,206.53,118.40,0.47,2325.00,36.40,4.00,1.29,0.00,15.22,14.06,20.00,-36.88,0.00
28.320,208.40,206.53,118.40,0.47,2325.00,36.40,4.00,1.29,0.00,15.22,14.06,20.00,-36.88,0.00
28.469,208.40,206.71,118.40,0.47,2325.00,36.40,4.00,1.29,0.00,15.22,14.06,20.00,-36.88,0.00
28.620,208.40,206.71,118.40,0.47,2325.00,36.40,4.00,1.29,0.00,15.22,14.06,20.00,-36.88,0.00
28.769,208.40,206.71,118.40,0.74,2325.00,36.40,4.00,1.29,0.00,15.22,14.06,20.00,-36.88,0.00
28.920,208.40,206.71,118.40,0.74,2162.00,36.40,4.00,1.29,0.00,15.22,14.06,20.00,-36.88,0.00
29.099,208.40,206.71,118.40,0.74,2162.00,33.52,4.00,1.29,0.00,15.22,14.06,20.00,-36.88,0.00
29.248,208.40,206.71,118.40,0.74,2162.00,33.52,4.00,1.29,0.00,15.22,14.06,20.00,-36.88,0.00
29.398,208.40,206.71,118.40,0.74,2162.00,33.52,4.00,16.00,0.00,15.22,14.06,20.00,-36.88,0.00
29.548,208.40,206.71,118.40,0.74,2162.00,33.52,4.00,16.00,0.00,15.22,14.06,20.00,-36.88,0.00
29.699,208.40,206.71,118.40,0.74,2162.00,33.52,4.00,16.00,0.00,15.47,14.06,20.00,-36.88,0.00
29.849,208.40,206.71,118.40,0.74,2162.00,33.52,4.00,16.00,0.00,15.47,13.93,20.00,-36.88,0.00
29.999,208.40,206.71,118.40,0.74,2162.00,33.52,4.00,16.00,0.00,15.47,13.93,16.00,-36.88,0.00
30.149,208.40,206.71,118.40,0.74,2162.00,33.52,4.00,16.00,0.00,15.47,13.93,16.00,-36.88,0.00
30.299,208.40,206.71,118.40,0.74,2162.00,33.52,4.00,16.00,0.00,15.47,13.93,16.00,-36.88,0.00
30.449,208.40,206.71,118.40,0.74,2162.00,33.52,4.00,16.00,0.00,15.47,13.93,16.00,-36.88,0.00
30.598,208.40,206.71,118.40,0.74,2162.00,33.52,4.00,16.00,0.00,15.47,13.93,16.00,-36.88,0.00
30.748,208.40,206.71,119.75,0.74,2162.00,33.52,4.00,16.00,0.00,15.47,13.93,16.00,-36.88,0.00
30.898,208.40,206.71,119.75,0.80,2162.00,33.52,4.00,16.00,0.00,15.47,13.93,16.00,-36.88,0.00
31.048,208.40,206.71,119.75,0.80,1951.00,33.52,4.00,16.00,0.00,15.47,13.93,16.00,-36.88,0.00
31.198,208.40,206.71,119.75,0.80,1951.00,23.54,4.00,16.00,0.00,15.47,13.93,16.00,-36.88,0.00
31.348,208.40,206.71,119.75,0.80,1951.00,23.54,3.00,16.00,0.00,15.47,13.93,16.00,-36.88,0.00
31.499,208.40,206.71,119.75,0.80,1951.00,23.54,3.00,1.05,0.00,15.47,13.93,16.00,-36.88,0.00
31.649,208.40,206.71,119.75,0.80,1951.00,23.54,3.00,1.05,0.00,15.47,13.93,16.00,-36.88,0.00
31.798,208.40,206.71,119.75,0.80,1951.00,23.54,3.00,1.05,0.00,15.16,13.93,16.00,-36.88,0.00
31.948,208.40,206.71,119.75,0.80,1951.00,23.54,3.00,1.05,0.00,15.16,13.59,16.00,-36.88,0.00
32.098,208.40,206.71,119.75,0.80,1951.00,23.54,3.00,1.05,0.00,15.16,13.59,60.00,-36.88,0.00
32.249,208.40,206.71,119.75,0.80,1951.00,23.54,3.00,1.05,0.00,15.16,13.59,60.00,-36.88,0.00
32.399,208.40,206.71,119.75,0.80,1951.00,23.54,3.00,1.05,0.00,15.16,13.59,60.00,-36.88,0.00
32.555,208.40,206.71,119.75,0.80,1951.00,23.54,3.00,1.05,0.00,15.16,13.59,60.00,-36.88,0.00
32.699,208.40,206.53,119.75,0.80,1951.00,23.54,3.00,1.05,0.00,15.16,13.59,60.00,-36.88,0.00
32.849,208.40,206.53,119.75,0.80,1951.00,23.54,3.00,1.05,0.00,15.16,13.59,60.00,-36.88,0.00
32.999,208.40,206.53,119.75,0.54,1951.00,23.54,3.00,1.05,0.00,15.16,13.59,60.00,-36.88,0.00
33.149,208.40,206.53,119.75,0.54,2126.50,23.54,3.00,1.05,0.00,15.16,13.59,60.00,-36.88,0.00
33.299,208.40,206.53,119.75,0.54,2126.50,17.26,3.00,1.05,0.00,15.16,13.59,60.00,-36.88,0.00
33.449,208.40,206.53,119.75,0.54,2126.50,17.26,2.00,1.05,0.00,15.16,13.59,60.00,-36.88,0.00
33.599,208.40,206.53,119.75,0.54,2126.50,17.26,2.00,0.99,0.00,15.16,13.59,60.00,-36.88,0.00
33.749,208.40,206.53,119.75,0.54,2126.50,17.26,2.00,0.99,0.01,15.16,13.59,60.00,-36.88,0.00
33.899,208.40,206.53,119.75,0.54,2126.50,17.26,2.00,0.99,0.01,15.16,13.59,60.00,-36.88,0.00
34.049,208.40,206.53,119.75,0.54,2126.50,17.26,2.00,0.99,0.01,15.16,13.93,60.00,-36.88,0.00
34.199,208.40,206.53,119.75,0.54,2126.50,17.26,2.00,0.99,0.01,15.16,13.93,56.00,-36.88,0.00
34.348,208.40,206.53,119.75,0.54,2126.50,17.26,2.00,0.99,0.01,15.16,13.93,56.00,366.57,0.00
34.499,208.40,206.53,119.75,0.54,2126.50,17.26,2.00,0.99,0.01,15.16,13.93,56.00,366.57,19.86
34.648,208.40,206.53,119.75,0.54,2126.50,17.26,2.00,0.99,0.01,15.16,13.93,56.00,366.57,19.86
34.799,208.40,206.53,119.75,0.54,2126.50,17.26,2.00,0.99,0.01,15.16,13.93,56.00,366.57,19.86
34.949,208.40,206.53,119.75,0.54,2126.50,17.26,2.00,0.99,0.01,15.16,13.93,56.00,366.57,19.86
35.099,208.40,206.53,119.75,0.94,2126.50,17.26,2.00,0.99,0.01,15.16,13.93,56.00,366.57,19.86
35.249,208.40,206.53,119.75,0.94,2351.00,17.26,2.00,0.99,0.01,15.16,13.93,56.00,366.57,19.86
35.399,208.40,206.53,119.75,0.94,2351.00,18.78,2.00,0.99,0.01,15.16,13.93,56.00,366.57,19.86
35.548,208.40,206.53,119.75,0.94,2351.00,18.78,2.00,0.99,0.01,15.16,13.93,56.00,366.57,19.86
35.699,208.40,206.53,119.75,0.94,2351.00,18.78,2.00,0.98,0.01,15.16,13.93,56.00,366.57,19.86
35.848,208.40,206.53,119.75,0.94,2351.00,18.78,2.00,0.98,0.02,15.16,13.93,56.00,366.57,19.86
35.999,208.40,206.53,119.75,0.94,2351.00,18.78,2.00,0.98,0.02,16.21,13.93,56.00,366.57,19.86
36.148,208.40,206.53,119.75,0.94,2351.00,18.78,2.00,0.98,0.02,16.21,14.03,56.00,366.57,19.86
36.299,208.40,206.53,119.75,0.94,2351.00,18.78,2.00,0.98,0.02,16.21,14.03,76.00,366.57,19.86
36.449,208.40,206.53,119.75,0.94,2351.00,18.78,2.00,0.98,0.02,16.21,14.03,76.00,455.81,19.86
36.599,208.40,206.53,119.75,0.94,2351.00,18.78,2.00,0.98,0.02,16.21,14.03,76.00,455.81,19.53
36.779,208.40,206.53,119.75,0.94,2351.00,18.78,2.00,0.98,0.02,16.21,14.03,76.00,455.81,19.53
36.929,208.40,206.35,119.75,0.94,2351.00,18.78,2.00,0.98,0.02,16.21,14.03,76.00,455.81,19.53
37.078,208.40,206.35,118.40,0.94,2351.00,18.78,2.00,0.98,0.02,16.21,14.03,76.00,455.81,19.53
37.229,208.40,206.35,118.40,1.51,2351.00,18.78,2.00,0.98,0.02,16.21,14.03,76.00,455.81,19.53
37.378,208.40,206.35,118.40,1.51,2783.50,18.78,2.00,0.98,0.02,16.21,14.03,76.00,455.81,19.53
37.529,208.40,206.35,118.40,1.51,2783.50,22.15,2.00,0.98,0.02,16.21,14.03,76.00,455.81,19.53
37.679,208.40,206.35,118.40,1.51,2783.50,22.15,2.00,0.98,0.02,16.21,14.03,76.00,455.81,19.53
37.828,208.40,206.35,118.40,1.51,2783.50,22.15,2.00,0.99,0.02,16.21,14.03,76.00,455.81,19.53
37.979,208.40,206.35,118.40,1.51,2783.50,22.15,2.00,0.99,0.01,16.21,14.03,76.00,455.81,19.53
38.128,208.40,206.35,118.40,1.51,2783.50,22.15,2.00,0.99,0.01,15.84,14.03,76.00,455.81,19.53
38.279,208.40,206.35,118.40,1.51,2783.50,22.15,2.00,0.99,0.01,15.84,14.01,76.00,455.81,19.53
38.428,208.40,206.35,118.40,1.51,2783.50,22.15,2.00,0.99,0.01,15.84,14.01,24.00,455.81,19.53
38.579,208.40,206.35,118.40,1.51,2783.50,22.15,2.00,0.99,0.01,15.84,14.01,24.00,7.38,19.53
38.729,208.40,206.35,118.40,1.51,2783.50,22.15,2.00,0.99,0.01,15.84,14.01,24.00,7.38,0.00
38.879,208.40,206.35,118.40,1.51,2783.50,22.15,2.00,0.99,0.01,15.84,14.01,24.00,7.38,0.00
39.029,208.40,206.35,118.40,1.51,2783.50,22.15,2.00,0.99,0.01,15.84,14.01,24.00,7.38,0.00
39.179,208.40,206.35,118.40,1.51,2783.50,22.15,2.00,0.99,0.01,15.84,14.01,24.00,7.38,0.00
39.328,208.40,206.35,118.40,0.64,2783.50,22.15,2.00,0.99,0.01,15.84,14.01,24.00,7.38,0.00
39.479,208.40,206.35,118.40,0.64,2526.50,22.15,2.00,0.99,0.01,15.84,14.01,24.00,7.38,0.00
39.629,208.40,206.35,118.40,0.64,2526.50,20.18,2.00,0.99,0.01,15.84,14.01,24.00,7.38,0.00
39.779,208.40,206.35,118.40,0.64,2526.50,20.18,2.00,0.99,0.01,15.84,14.01,24.00,7.38,0.00
39.928,208.40,206.35,118.40,0.64,2526.50,20.18,2.00,9.23,0.01,15.84,14.01,24.00,7.38,0.00
40.079,208.40,206.35,118.40,0.64,2526.50,20.18,2.00,9.23,0.00,15.84,14.01,24.00,7.38,0.00
40.229,208.40,206.35,118.40,0.64,2526.50,20.18,2.00,9.23,0.00,15.53,14.01,24.00,7.38,0.00
40.379,208.40,206.35,118.40,0.64,2526.50,20.18,2.00,9.23,0.00,15.53,13.98,24.00,7.38,0.00
40.528,208.40,206.35,118.40,0.64,2526.50,20.18,2.00,9.23,0.00,15.53,13.98,20.00,7.38,0.00
40.679,208.40,206.35,118.40,0.64,2526.50,20.18,2.00,9.23,0.00,15.53,13.98,20.00,-36.88,0.00
40.829,208.40,206.35,118.40,0.64,2526.50,20.18,2.00,9.23,0.00,15.53,13.98,20.00,-36.88,0.00
40.979,208.40,206.35,118.40,0.64,2526.50,20.18,2.00,9.23,0.00,15.53,13.98,20.00,-36.88,0.00
41.128,208.40,205.99,118.40,0.64,2526.50,20.18,2.00,9.23,0.00,15.53,13.98,20.00,-36.88,0.00
41.279,208.40,205.99,119.75,0.64,2526.50,20.18,2.00,9.23,0.00,15.53,13.98,20.00,-36.88,0.00
41.430,208.40,205.99,119.75,0.83,2526.50,20.18,2.00,9.23,0.00,15.53,13.98,20.00,-36.88,0.00
41.579,208.40,205.99,119.75,0.83,2170.00,20.18,2.00,9.23,0.00,15.53,13.98,20.00,-36.88,0.00
41.729,208.40,205.99,119.75,0.83,2170.00,17.27,2.00,9.23,0.00,15.53,13.98,20.00,-36.88,0.00
41.879,208.40,205.99,119.75,0.83,2170.00,17.27,2.00,9.23,0.00,15.53,13.98,20.00,-36.88,0.00
42.028,208.40,205.99,119.75,0.83,2170.00,17.27,2.00,16.00,0.00,15.53,13.98,20.00,-36.88,0.00
42.179,208.40,205.99,119.75,0.83,2170.00,17.27,2.00,16.00,0.00,15.53,13.98,20.00,-36.88,0.00
42.329,208.40,205.99,119.75,0.83,2170.00,17.27,2.00,16.00,0.00,15.59,13.98,20.00,-36.88,0.00
42.479,208.40,205.99,119.75,0.83,2170.00,17.27,2.00,16.00,0.00,15.59,14.02,20.00,-36.88,0.00
42.629,208.40,205.99,119.75,0.83,2170.00,17.27,2.00,16.00,0.00,15.59,14.02,16.00,-36.88,0.00
42.779,208.40,205.99,119.75,0.83,2170.00,17.27,2.00,16.00,0.00,15.59,14.02,16.00,-36.88,0.00
42.928,208.40,205.99,119.75,0.83,2170.00,17.27,2.00,16.00,0.00,15.59,14.02,16.00,-36.88,0.00
43.078,208.40,205.99,119.75,0.83,2170.00,17.27,2.00,16.00,0.00,15.59,14.02,16.00,-36.88,0.00
43.229,208.40,205.81,119.75,0.83,2170.00,17.27,2.00,16.00,0.00,15.59,14.02,16.00,-36.88,0.00
43.379,208.40,205.81,119.75,0.83,2170.00,17.27,2.00,16.00,0.00,15.59,14.02,16.00,-36.88,0.00
43.528,208.40,205.81,119.75,0.75,2170.00,17.27,2.00,16.00,0.00,15.59,14.02,16.00,-36.88,0.00
43.679,208.40,205.81,119.75,0.75,1857.50,17.27,2.00,16.00,0.00,15.59,14.02,16.00,-36.88,0.00
43.859,208.40,205.81,119.75,0.75,1857.50,14.52,2.00,16.00,0.00,15.59,14.02,16.00,-36.88,0.00
44.009,208.40,205.81,119.75,0.75,1857.50,14.52,2.00,16.00,0.00,15.59,14.02,16.00,-36.88,0.00
44.159,208.40,205.81,119.75,0.75,1857.50,14.52,2.00,16.00,0.00,15.59,14.02,16.00,-36.88,0.00
44.309,208.40,205.81,119.75,0.75,1857.50,14.52,2.00,16.00,0.00,15.59,14.02,16.00,-36.88,0.00
44.459,208.40,205.81,119.75,0.75,1857.50,14.52,2.00,16.00,0.00,15.41,14.02,16.00,-36.88,0.00
44.609,208.40,205.81,119.75,0.75,1857.50,14.52,2.00,16.00,0.00,15.41,14.00,16.00,-36.88,0.00
44.759,208.40,205.81,119.75,0.75,1857.50,14.52,2.00,16.00,0.00,15.41,14.00,12.00,-36.88,0.00
44.909,208.40,205.81,119.75,0.75,1857.50,14.52,2.00,16.00,0.00,15.41,14.00,12.00,-36.88,0.00
45.058,208.40,205.81,119.75,0.75,1857.50,14.52,2.00,16.00,0.00,15.41,14.00,12.00,-36.88,0.00
45.209,208.40,205.81,119.75,0.75,1857.50,14.52,2.00,16.00,0.00,15.41,14.00,12.00,-36.88,0.00
45.359,208.40,205.27,119.75,0.75,1857.50,14.52,2.00,16.00,0.00,15.41,14.00,12.00,-36.88,0.00
45.509,208.40,205.27,119.75,0.75,1857.50,14.52,2.00,16.00,0.00,15.41,14.00,12.00,-36.88,0.00
45.659,208.40,205.27,119.75,0.49,1857.50,14.52,2.00,16.00,0.00,15.41,14.00,12.00,-36.88,0.00
45.809,208.40,205.27,119.75,0.49,1304.50,14.52,2.00,16.00,0.00,15.41,14.00,12.00,-36.88,0.00
45.958,208.40,205.27,119.75,0.49,1304.50,9.91,2.00,16.00,0.00,15.41,14.00,12.00,-36.88,0.00
46.108,208.40,205.27,119.75,0.49,1304.50,9.91,2.00,16.00,0.00,15.41,14.00,12.00,-36.88,0.00
46.259,208.40,205.27,119.75,0.49,1304.50,9.91,2.00,1.60,0.00,15.41,14.00,12.00,-36.88,0.00
46.409,208.40,205.27,119.75,0.49,1304.50,9.91,2.00,1.60,0.00,15.41,14.00,12.00,-36.88,0.00
46.559,208.40,205.27,119.75,0.49,1304.50,9.91,2.00,1.60,0.00,15.10,14.00,12.00,-36.88,0.00
46.709,208.40,205.27,119.75,0.49,1304.50,9.91,2.00,1.60,0.00,15.10,13.96,12.00,-36.88,0.00
46.859,208.40,205.27,119.75,0.49,1304.50,9.91,2.00,1.60,0.00,15.10,13.96,8.00,-36.88,0.00
47.009,208.40,205.27,119.75,0.49,1304.50,9.91,2.00,1.60,0.00,15.10,13.96,8.00,-36.88,0.00
47.158,208.40,205.27,119.75,0.49,1304.50,9.91,2.00,1.60,0.00,15.10,13.96,8.00,-36.88,8.61
47.309,208.40,205.27,119.75,0.49,1304.50,9.91,2.00,1.60,0.00,15.10,13.96,8.00,-36.88,8.61
47.459,208.40,204.91,119.75,0.49,1304.50,9.91,2.00,1.60,0.00,15.10,13.96,8.00,-36.88,8.61
47.608,208.40,204.91,121.10,0.49,1304.50,9.91,2.00,1.60,0.00,15.10,13.96,8.00,-36.88,8.61
47.759,208.40,204.91,121.10,0.23,1304.50,9.91,2.00,1.60,0.00,15.10,13.96,8.00,-36.88,8.61
47.909,208.40,204.91,121.10,0.23,1534.00,9.91,2.00,1.60,0.00,15.10,13.96,8.00,-36.88,8.61
48.058,208.40,204.91,121.10,0.23,1534.00,8.16,2.00,1.60,0.00,15.10,13.96,8.00,-36.88,8.61
48.208,208.40,204.91,121.10,0.23,1534.00,8.16,2.00,1.60,0.00,15.10,13.96,8.00,-36.88,8.61
48.359,208.40,204.91,121.10,0.23,1534.00,8.16,2.00,0.93,0.00,15.10,13.96,8.00,-36.88,8.61
48.509,208.40,204.91,121.10,0.23,1534.00,8.16,2.00,0.93,0.03,15.10,13.96,8.00,-36.88,8.61
48.659,208.40,204.91,121.10,0.23,1534.00,8.16,2.00,0.93,0.03,15.53,13.96,8.00,-36.88,8.61
48.808,208.40,204.91,121.10,0.23,1534.00,8.16,2.00,0.93,0.03,15.53,14.21,8.00,-36.88,8.61
48.959,208.40,204.91,121.10,0.23,1534.00,8.16,2.00,0.93,0.03,15.53,14.21,60.00,-36.88,8.61
49.109,208.40,204.91,121.10,0.23,1534.00,8.16,2.00,0.93,0.03,15.53,14.21,60.00,700.68,8.61
49.259,208.40,204.91,121.10,0.23,1534.00,8.16,2.00,0.93,0.03,15.53,14.21,60.00,700.68,23.34
49.409,208.40,204.91,121.10,0.23,1534.00,8.16,2.00,0.93,0.03,15.53,14.21,60.00,700.68,23.34
49.559,208.40,204.91,121.10,0.23,1534.00,8.16,2.00,0.93,0.03,15.53,14.21,60.00,700.68,23.34
49.709,208.40,204.91,119.75,0.23,1534.00,8.16,2.00,0.93,0.03,15.53,14.21,60.00,700.68,23.34
49.859,208.40,204.91,119.75,1.54,1534.00,8.16,2.00,0.93,0.03,15.53,14.21,60.00,700.68,23.34
50.009,208.40,204.91,119.75,1.54,1763.00,8.16,2.00,0.93,0.03,15.53,14.21,60.00,700.68,23.34
50.159,208.40,204.91,119.75,1.54,1763.00,14.24,2.00,0.93,0.03,15.53,14.21,60.00,700.68,23.34
50.309,208.40,204.91,119.75,1.54,1763.00,14.24,2.00,0.93,0.03,15.53,14.21,60.00,700.68,23.34
50.459,208.40,204.91,119.75,1.54,1763.00,14.24,2.00,0.98,0.03,15.53,14.21,60.00,700.68,23.34
50.609,208.40,204.91,119.75,1.54,1763.00,14.24,2.00,0.98,0.13,15.53,14.21,60.00,700.68,23.34
50.759,208.40,204.91,119.75,1.54,1763.00,14.24,2.00,0.98,0.13,16.71,14.21,60.00,700.68,23.34
50.909,208.40,204.91,119.75,1.54,1763.00,14.24,2.00,0.98,0.13,16.71,14.14,60.00,700.68,23.34
51.059,208.40,204.91,119.75,1.54,1763.00,14.24,2.00,0.98,0.13,16.71,14.14,100.00,700.68,23.34
51.209,208.40,204.91,119.75,1.54,1763.00,14.24,2.00,0.98,0.13,16.71,14.14,100.00,645.37,23.34
51.359,208.40,204.91,119.75,1.54,1763.00,14.24,2.00,0.98,0.13,16.71,14.14,100.00,645.37,23.67
51.509,208.40,204.91,119.75,1.54,1763.00,14.24,2.00,0.98,0.13,16.71,14.14,100.00,645.37,23.67
51.658,208.40,204.55,119.75,1.54,1763.00,14.24,2.00,0.98,0.13,16.71,14.14,100.00,645.37,23.67
51.809,208.40,204.55,118.40,1.54,1763.00,14.24,2.00,0.98,0.13,16.71,14.14,100.00,645.37,23.67
51.959,208.40,204.55,118.40,2.27,1763.00,14.24,2.00,0.98,0.13,16.71,14.14,100.00,645.37,23.67
52.139,208.40,204.55,118.40,2.27,1609.00,14.24,2.00,0.98,0.13,16.71,14.14,100.00,645.37,23.67
52.289,208.40,204.55,118.40,2.27,1609.00,20.14,2.00,0.98,0.13,16.71,14.14,100.00,645.37,23.67
52.439,208.40,204.55,118.40,2.27,1609.00,20.14,3.00,0.98,0.13,16.71,14.14,100.00,645.37,23.67
52.589,208.40,204.55,118.40,2.27,1609.00,20.14,3.00,0.98,0.13,16.71,14.14,100.00,645.37,23.67
52.739,208.40,204.55,118.40,2.27,1609.00,20.14,3.00,0.98,0.51,16.71,14.14,100.00,645.37,23.67
52.888,208.40,204.55,118.40,2.27,1609.00,20.14,3.00,0.98,0.51,16.83,14.14,100.00,645.37,23.67
53.039,208.40,204.55,118.40,2.27,1609.00,20.14,3.00,0.98,0.51,16.83,14.36,100.00,645.37,23.67
53.189,208.40,204.55,118.40,2.27,1609.00,20.14,3.00,0.98,0.51,16.83,14.36,72.00,645.37,23.67
53.339,208.40,204.55,118.40,2.27,1609.00,20.14,3.00,0.98,0.51,16.83,14.36,72.00,498.59,23.67
53.489,208.40,204.55,118.40,2.27,1609.00,20.14,3.00,0.98,0.51,16.83,14.36,72.00,498.59,19.03
53.639,208.40,204.55,118.40,2.27,1609.00,20.14,3.00,0.98,0.51,16.83,14.36,72.00,498.59,19.03
53.789,208.40,204.19,118.40,2.27,1609.00,20.14,3.00,0.98,0.51,16.83,14.36,72.00,498.59,19.03
53.939,208.40,204.19,118.40,2.27,1609.00,20.14,3.00,0.98,0.51,16.83,14.36,72.00,498.59,19.03
54.088,208.40,204.19,118.40,1.74,1609.00,20.14,3.00,0.98,0.51,16.83,14.36,72.00,498.59,19.03
54.239,208.40,204.19,118.40,1.74,1913.50,20.14,3.00,0.98,0.51,16.83,14.36,72.00,498.59,19.03
54.389,208.40,204.19,118.40,1.74,1913.50,23.66,3.00,0.98,0.51,16.83,14.36,72.00,498.59,19.03
54.539,208.40,204.19,118.40,1.74,1913.50,23.66,3.00,0.98,0.51,16.83,14.36,72.00,498.59,19.03
54.689,208.40,204.19,118.40,1.74,1913.50,23.66,3.00,1.02,0.51,16.83,14.36,72.00,498.59,19.03
54.839,208.40,204.19,118.40,1.74,1913.50,23.66,3.00,1.02,0.00,16.83,14.36,72.00,498.59,19.03
54.989,208.40,204.19,118.40,1.74,1913.50,23.66,3.00,1.02,0.00,15.53,14.36,72.00,498.59,19.03
55.139,208.40,204.19,118.40,1.74,1913.50,23.66,3.00,1.02,0.00,15.53,13.96,72.00,498.59,19.03
55.289,208.40,204.19,118.40,1.74,1913.50,23.66,3.00,1.02,0.00,15.53,13.96,16.00,498.59,19.03
55.439,208.40,204.19,118.40,1.74,1913.50,23.66,3.00,1.02,0.00,15.53,13.96,16.00,-19.18,19.03
55.588,208.40,204.19,118.40,1.74,1913.50,23.66,3.00,1.02,0.00,15.53,13.96,16.00,-19.18,0.00
55.738,208.40,204.19,118.40,1.74,1913.50,23.66,3.00,1.02,0.00,15.53,13.96,16.00,-19.18,0.00
55.889,208.40,204.19,118.40,1.74,1913.50,23.66,3.00,1.02,0.00,15.53,13.96,16.00,-19.18,0.00
56.039,208.40,204.19,118.40,1.74,1913.50,23.66,3.00,1.02,0.00,15.53,13.96,16.00,-19.18,0.00
56.188,208.40,204.19,118.40,0.54,1913.50,23.66,3.00,1.02,0.00,15.53,13.96,16.00,-19.18,0.00
56.339,208.40,204.19,118.40,0.54,1740.00,23.66,3.00,1.02,0.00,15.53,13.96,16.00,-19.18,0.00
56.489,208.40,204.19,118.40,0.54,1740.00,21.59,3.00,1.02,0.00,15.53,13.96,16.00,-19.18,0.00
56.639,208.40,204.19,118.40,0.54,1740.00,21.59,3.00,1.02,0.00,15.53,13.96,16.00,-19.18,0.00
56.789,208.40,204.19,118.40,0.54,1740.00,21.59,3.00,5.94,0.00,15.53,13.96,16.00,-19.18,0.00
56.938,208.40,204.19,118.40,0.54,1740.00,21.59,3.00,5.94,0.00,15.53,13.96,16.00,-19.18,0.00
57.089,208.40,204.19,118.40,0.54,1740.00,21.59,3.00,5.94,0.00,15.22,13.96,16.00,-19.18,0.00
57.239,208.40,204.19,118.40,0.54,1740.00,21.59,3.00,5.94,0.00,15.22,13.99,16.00,-19.18,0.00
57.388,208.40,204.19,118.40,0.54,1740.00,21.59,3.00,5.94,0.00,15.22,13.99,12.00,-19.18,0.00
57.569,208.40,204.19,118.40,0.54,1740.00,21.59,3.00,5.94,0.00,15.22,13.99,12.00,-36.88,0.00
57.720,208.40,204.19,118.40,0.54,1740.00,21.59,3.00,5.94,0.00,15.22,13.99,12.00,-36.88,0.00
57.869,208.40,204.19,118.40,0.54,1740.00,21.59,3.00,5.94,0.00,15.22,13.99,12.00,-36.88,0.00
58.020,208.40,204.01,118.40,0.54,1740.00,21.59,3.00,5.94,0.00,15.22,13.99,12.00,-36.88,0.00
58.169,208.40,204.01,119.75,0.54,1740.00,21.59,3.00,5.94,0.00,15.22,13.99,12.00,-36.88,0.00
58.320,208.40,204.01,119.75,0.50,1740.00,21.59,3.00,5.94,0.00,15.22,13.99,12.00,-36.88,0.00
58.469,208.40,204.01,119.75,0.50,1572.00,21.59,3.00,5.94,0.00,15.22,13.99,12.00,-36.88,0.00
58.649,208.40,204.01,119.75,0.50,1572.00,19.44,3.00,5.94,0.00,15.22,13.99,12.00,-36.88,0.00
58.799,208.40,204.01,119.75,0.50,1572.00,19.44,3.00,5.94,0.00,15.22,13.99,12.00,-36.88,0.00
58.949,208.40,204.01,119.75,0.50,1572.00,19.44,3.00,16.00,0.00,15.22,13.99,12.00,-36.88,0.00
59.099,208.40,204.01,119.75,0.50,1572.00,19.44,3.00,16.00,0.00,15.22,13.99,12.00,-36.88,0.00
59.249,208.40,204.01,119.75,0.50,1572.00,19.44,3.00,16.00,0.00,15.22,13.99,12.00,-36.88,0.00
59.399,208.40,204.01,119.75,0.50,1572.00,19.44,3.00,16.00,0.00,15.22,13.99,12.00,-36.88,0.00
59.548,208.40,204.01,119.75,0.50,1572.00,19.44,3.00,16.00,0.00,15.22,13.99,12.00,-36.88,0.00
59.699,208.40,204.01,119.75,0.50,1572.00,19.44,3.00,16.00,0.00,15.22,13.99,12.00,-36.88,0.00
59.849,208.40,204.01,119.75,0.50,1572.00,19.44,3.00,16.00,0.00,15.22,13.99,12.00,-36.88,0.00
59.999,208.40,204.01,119.75,0.50,1572.00,19.44,3.00,16.00,0.00,15.22,13.99,12.00,-36.88,0.00
60.148,208.40,203.65,119.75,0.50,1572.00,19.44,3.00,16.00,0.00,15.22,13.99,12.00,-36.88,0.00
60.299,208.40,203.65,121.10,0.50,1572.00,19.44,3.00,16.00,0.00,15.22,13.99,12.00,-36.88,0.00
60.449,208.40,203.65,121.10,0.41,1572.00,19.44,3.00,16.00,0.00,15.22,13.99,12.00,-36.88,0.00
60.599,208.40,203.65,121.10,0.41,1406.00,19.44,3.00,16.00,0.00,15.22,13.99,12.00,-36.88,0.00
60.749,208.40,203.65,121.10,0.41,1406.00,17.22,3.00,16.00,0.00,15.22,13.99,12.00,-36.88,0.00
60.899,208.40,203.65,121.10,0.41,1406.00,17.22,3.00,16.00,0.00,15.22,13.99,12.00,-36.88,0.00
61.049,208.40,203.65,121.10,0.41,1406.00,17.22,3.00,16.00,0.00,15.22,13.99,12.00,-36.88,0.00
61.199,208.40,203.65,121.10,0.41,1406.00,17.22,3.00,16.00,0.00,15.22,13.99,12.00,-36.88,0.00
61.349,208.40,203.65,121.10,0.41,1406.00,17.22,3.00,16.00,0.00,15.10,13.99,12.00,-36.88,0.00
61.499,208.40,203.65,121.10,0.41,1406.00,17.22,3.00,16.00,0.00,15.10,14.01,12.00,-36.88,0.00
61.648,208.40,203.65,121.10,0.41,1406.00,17.22,3.00,16.00,0.00,15.10,14.01,8.00,-36.88,0.00
61.799,208.40,203.65,121.10,0.41,1406.00,17.22,3.00,16.00,0.00,15.10,14.01,8.00,-36.88,0.00
61.949,208.40,203.65,121.10,0.41,1406.00,17.22,3.00,16.00,0.00,15.10,14.01,8.00,-36.88,0.00
62.099,208.40,203.65,121.10,0.41,1406.00,17.22,3.00,16.00,0.00,15.10,14.01,8.00,-36.88,0.00
62.249,208.40,203.11,121.10,0.41,1406.00,17.22,3.00,16.00,0.00,15.10,14.01,8.00,-36.88,0.00
62.399,208.40,203.11,121.10,0.41,1406.00,17.22,3.00,16.00,0.00,15.10,14.01,8.00,-36.88,0.00
62.549,208.40,203.11,121.10,0.23,1406.00,17.22,3.00,16.00,0.00,15.10,14.01,8.00,-36.88,0.00
62.699,208.40,203.11,121.10,0.23,1501.00,17.22,3.00,16.00,0.00,15.10,14.01,8.00,-36.88,0.00
62.849,208.40,203.11,121.10,0.23,1501.00,13.02,3.00,16.00,0.00,15.10,14.01,8.00,-36.88,0.00
62.999,208.40,203.11,121.10,0.23,1501.00,13.02,2.00,16.00,0.00,15.10,14.01,8.00,-36.88,0.00
63.149,208.40,203.11,121.10,0.23,1501.00,13.02,2.00,0.93,0.00,15.10,14.01,8.00,-36.88,0.00
63.299,208.40,203.11,121.10,0.23,1501.00,13.02,2.00,0.93,0.00,15.10,14.01,8.00,-36.88,0.00
63.449,208.40,203.11,121.10,0.23,1501.00,13.02,2.00,0.93,0.00,14.97,14.01,8.00,-36.88,0.00
63.599,208.40,203.11,121.10,0.23,1501.00,13.02,2.00,0.93,0.00,14.97,13.98,8.00,-36.88,0.00
63.778,208.40,203.11,121.10,0.23,1501.00,13.02,2.00,0.93,0.00,14.97,13.98,12.00,-36.88,0.00
63.929,208.40,203.11,121.10,0.23,1501.00,13.02,2.00,0.93,0.00,14.97,13.98,12.00,-36.88,0.00
64.079,208.40,203.11,121.10,0.23,1501.00,13.02,2.00,0.93,0.00,14.97,13.98,12.00,-36.88,0.00
64.229,208.40,203.11,121.10,0.23,1501.00,13.02,2.00,0.93,0.00,14.97,13.98,12.00,-36.88,0.00
64.379,208.40,202.75,121.10,0.23,1501.00,13.02,2.00,0.93,0.00,14.97,13.98,12.00,-36.88,0.00
64.529,208.40,202.75,121.10,0.23,1501.00,13.02,2.00,0.93,0.00,14.97,13.98,12.00,-36.88,0.00
64.679,208.40,202.75,121.10,0.21,1501.00,13.02,2.00,0.93,0.00,14.97,13.98,12.00,-36.88,0.00
64.829,208.40,202.75,121.10,0.21,1070.50,13.02,2.00,0.93,0.00,14.97,13.98,12.00,-36.88,0.00
64.979,208.40,202.75,121.10,0.21,1070.50,8.25,2.00,0.93,0.00,14.97,13.98,12.00,-36.88,0.00
65.129,208.40,202.75,121.10,0.21,1070.50,8.25,2.00,0.93,0.00,14.97,13.98,12.00,-36.88,0.00
65.278,208.40,202.75,121.10,0.21,1070.50,8.25,2.00,0.90,0.00,14.97,13.98,12.00,-36.88,0.00
65.429,208.40,202.75,121.10,0.21,1070.50,8.25,2.00,0.90,0.00,14.97,13.98,12.00,-36.88,0.00
65.579,208.40,202.75,121.10,0.21,1070.50,8.25,2.00,0.90,0.00,14.91,13.98,12.00,-36.88,0.00
65.729,208.40,202.75,121.10,0.21,1070.50,8.25,2.00,0.90,0.00,14.91,13.98,12.00,-36.88,0.00
65.879,208.40,202.75,121.10,0.21,1070.50,8.25,2.00,0.90,0.00,14.91,13.98,8.00,-36.88,0.00
66.029,208.40,202.75,121.10,0.21,1070.50,8.25,2.00,0.90,0.00,14.91,13.98,8.00,472.78,0.00
66.209,208.40,202.75,121.10,0.21,1070.50,8.25,2.00,0.90,0.00,14.91,13.98,8.00,472.78,19.36
66.358,208.40,202.75,121.10,0.21,1070.50,8.25,2.00,0.90,0.00,14.91,13.98,8.00,472.78,19.36
66.509,208.40,202.21,121.10,0.21,1070.50,8.25,2.00,0.90,0.00,14.91,13.98,8.00,472.78,19.36
66.659,208.40,202.21,122.45,0.21,1070.50,8.25,2.00,0.90,0.00,14.91,13.98,8.00,472.78,19.36
66.809,208.40,202.21,122.45,0.37,1070.50,8.25,2.00,0.90,0.00,14.91,13.98,8.00,472.78,19.36
66.959,208.40,202.21,122.45,0.37,1670.50,8.25,2.00,0.90,0.00,14.91,13.98,8.00,472.78,19.36
67.108,208.40,202.21,122.45,0.37,1670.50,9.74,2.00,0.90,0.00,14.91,13.98,8.00,472.78,19.36
67.259,208.40,202.21,122.45,0.37,1670.50,9.74,2.00,0.90,0.00,14.91,13.98,8.00,472.78,19.36
67.409,208.40,202.21,122.45,0.37,1670.50,9.74,2.00,1.00,0.00,14.91,13.98,8.00,472.78,19.36
67.559,208.40,202.21,122.45,0.37,1670.50,9.74,2.00,1.00,0.63,14.91,13.98,8.00,472.78,19.36
67.709,208.40,202.21,122.45,0.37,1670.50,9.74,2.00,1.00,0.63,15.84,13.98,8.00,472.78,19.36
67.859,208.40,202.21,122.45,0.37,1670.50,9.74,2.00,1.00,0.63,15.84,14.48,8.00,472.78,19.36
68.009,208.40,202.21,122.45,0.37,1670.50,9.74,2.00,1.00,0.63,15.84,14.48,68.00,472.78,19.36
68.159,208.40,202.21,122.45,0.37,1670.50,9.74,2.00,1.00,0.63,15.84,14.48,68.00,718.39,19.36
68.309,208.40,202.21,122.45,0.37,1670.50,9.74,2.00,1.00,0.63,15.84,14.48,68.00,718.39,24.33
68.459,208.40,202.21,122.45,0.37,1670.50,9.74,2.00,1.00,0.63,15.84,14.48,68.00,718.39,24.33
68.609,208.40,202.03,122.45,0.37,1670.50,9.74,2.00,1.00,0.63,15.84,14.48,68.00,718.39,24.33
68.759,208.40,202.03,119.75,0.37,1670.50,9.74,2.00,1.00,0.63,15.84,14.48,68.00,718.39,24.33
68.909,208.40,202.03,119.75,1.85,1670.50,9.74,2.00,1.00,0.63,15.84,14.48,68.00,718.39,24.33
69.059,208.40,202.03,119.75,1.85,1990.50,9.74,2.00,1.00,0.63,15.84,14.48,68.00,718.39,24.33
69.209,208.40,202.03,119.75,1.85,1990.50,16.19,2.00,1.00,0.63,15.84,14.48,68.00,718.39,24.33
69.359,208.40,202.03,119.75,1.85,1990.50,16.19,2.00,1.00,0.63,15.84,14.48,68.00,718.39,24.33
69.509,208.40,202.03,119.75,1.85,1990.50,16.19,2.00,0.99,0.63,15.84,14.48,68.00,718.39,24.33
69.658,208.40,202.03,119.75,1.85,1990.50,16.19,2.00,0.99,0.03,15.84,14.48,68.00,718.39,24.33
69.808,208.40,202.03,119.75,1.85,1990.50,16.19,2.00,0.99,0.03,16.77,14.48,68.00,718.39,24.33
69.959,208.40,202.03,119.75,1.85,1990.50,16.19,2.00,0.99,0.03,16.77,14.10,68.00,718.39,24.33
70.108,208.40,202.03,119.75,1.85,1990.50,16.19,2.00,0.99,0.03,16.77,14.10,84.00,718.39,24.33
70.259,208.40,202.03,119.75,1.85,1990.50,16.19,2.00,0.99,0.03,16.77,14.10,84.00,580.46,24.33
70.409,208.40,202.03,119.75,1.85,1990.50,16.19,2.00,0.99,0.03,16.77,14.10,84.00,580.46,22.68
70.559,208.40,202.03,119.75,1.85,1990.50,16.19,2.00,0.99,0.03,16.77,14.10,84.00,580.46,22.68
70.709,208.40,201.49,119.75,1.85,1990.50,16.19,2.00,0.99,0.03,16.77,14.10,84.00,580.46,22.68
70.859,208.40,201.49,118.40,1.85,1990.50,16.19,2.00,0.99,0.03,16.77,14.10,84.00,580.46,22.68
71.009,208.40,201.49,118.40,2.02,1990.50,16.19,2.00,0.99,0.03,16.77,14.10,84.00,580.46,22.68
71.159,208.40,201.49,118.40,2.02,2585.50,16.19,2.00,0.99,0.03,16.77,14.10,84.00,580.46,22.68
71.339,208.40,201.49,118.40,2.02,2585.50,20.77,2.00,0.99,0.03,16.77,14.10,84.00,580.46,22.68
71.489,208.40,201.49,118.40,2.02,2585.50,20.77,3.00,0.99,0.03,16.77,14.10,84.00,580.46,22.68
71.639,208.40,201.49,118.40,2.02,2585.50,20.77,3.00,0.98,0.03,16.77,14.10,84.00,580.46,22.68
71.789,208.40,201.49,118.40,2.02,2585.50,20.77,3.00,0.98,0.01,16.77,14.10,84.00,580.46,22.68
71.939,208.40,201.49,118.40,2.02,2585.50,20.77,3.00,0.98,0.01,16.77,14.10,84.00,580.46,22.68
72.089,208.40,201.49,118.40,2.02,2585.50,20.77,3.00,0.98,0.01,16.77,13.87,84.00,580.46,22.68
72.238,208.40,201.49,118.40,2.02,2585.50,20.77,3.00,0.98,0.01,16.77,13.87,56.00,580.46,22.68
72.389,208.40,201.49,118.40,2.02,2585.50,20.77,3.00,0.98,0.01,16.77,13.87,56.00,404.92,22.68
72.538,208.40,201.49,118.40,2.02,2585.50,20.77,3.00,0.98,0.01,16.77,13.87,56.00,404.92,16.55
72.689,208.40,201.49,118.40,2.02,2585.50,20.77,3.00,0.98,0.01,16.77,13.87,56.00,404.92,16.55
72.839,208.40,201.13,118.40,2.02,2585.50,20.77,3.00,0.98,0.01,16.77,13.87,56.00,404.92,16.55
72.989,208.40,201.13,118.40,2.02,2585.50,20.77,3.00,0.98,0.01,16.77,13.87,56.00,404.92,16.55
73.139,208.40,201.13,118.40,1.45,2585.50,20.77,3.00,0.98,0.01,16.77,13.87,56.00,404.92,16.55
73.288,208.40,201.13,118.40,1.45,1915.50,20.77,3.00,0.98,0.01,16.77,13.87,56.00,404.92,16.55
73.439,208.40,201.13,118.40,1.45,1915.50,23.56,3.00,0.98,0.01,16.77,13.87,56.00,404.92,16.55
73.589,208.40,201.13,118.40,1.45,1915.50,23.56,3.00,0.98,0.01,16.77,13.87,56.00,404.92,16.55
73.739,208.40,201.13,118.40,1.45,1915.50,23.56,3.00,1.00,0.01,16.77,13.87,56.00,404.92,16.55
73.889,208.40,201.13,118.40,1.45,1915.50,23.56,3.00,1.00,0.01,16.77,13.87,56.00,404.92,16.55
74.039,208.40,201.13,118.40,1.45,1915.50,23.56,3.00,1.00,0.01,15.72,13.87,56.00,404.92,16.55
74.220,208.40,201.13,118.40,1.45,1915.50,23.56,3.00,1.00,0.01,15.72,13.93,56.00,404.92,16.55
74.369,208.40,201.13,118.40,1.45,1915.50,23.56,3.00,1.00,0.01,15.72,13.93,16.00,404.92,16.55
74.520,208.40,201.13,118.40,1.45,1915.50,23.56,3.00,1.00,0.01,15.72,13.93,16.00,27.29,16.55
74.669,208.40,201.13,118.40,1.45,1915.50,23.56,3.00,1.00,0.01,15.72,13.93,16.00,27.29,0.00
74.820,208.40,201.13,118.40,1.45,1915.50,23.56,3.00,1.00,0.01,15.72,13.93,16.00,27.29,0.00
74.999,208.40,201.31,118.40,1.45,1915.50,23.56,3.00,1.00,0.01,15.72,13.93,16.00,27.29,0.00
75.179,208.40,201.31,118.40,1.45,1915.50,23.56,3.00,1.00,0.01,15.72,13.93,16.00,27.29,0.00
75.329,208.40,201.31,118.40,0.50,1915.50,23.56,3.00,1.00,0.01,15.72,13.93,16.00,27.29,0.00
75.479,208.40,201.31,118.40,0.50,1786.00,23.56,3.00,1.00,0.01,15.72,13.93,16.00,27.29,0.00
75.629,208.40,201.31,118.40,0.50,1786.00,22.18,3.00,1.00,0.01,15.72,13.93,16.00,27.29,0.00
75.779,208.40,201.31,118.40,0.50,1786.00,22.18,3.00,1.00,0.01,15.72,13.93,16.00,27.29,0.00
75.928,208.40,201.31,118.40,0.50,1786.00,22.18,3.00,4.14,0.01,15.72,13.93,16.00,27.29,0.00
76.079,208.40,201.31,118.40,0.50,1786.00,22.18,3.00,4.14,0.00,15.72,13.93,16.00,27.29,0.00
76.228,208.40,201.31,118.40,0.50,1786.00,22.18,3.00,4.14,0.00,15.22,13.93,16.00,27.29,0.00
76.379,208.40,201.31,118.40,0.50,1786.00,22.18,3.00,4.14,0.00,15.22,13.96,16.00,27.29,0.00
76.528,208.40,201.31,118.40,0.50,1786.00,22.18,3.00,4.14,0.00,15.22,13.96,12.00,27.29,0.00
76.679,208.40,201.31,118.40,0.50,1786.00,22.18,3.00,4.14,0.00,15.22,13.96,12.00,-36.88,0.00
76.828,208.40,201.31,118.40,0.50,1786.00,22.18,3.00,4.14,0.00,15.22,13.96,12.00,-36.88,0.00
76.979,208.40,201.31,118.40,0.50,1786.00,22.18,3.00,4.14,0.00,15.22,13.96,12.00,-36.88,0.00
77.128,208.40,201.67,118.40,0.50,1786.00,22.18,3.00,4.14,0.00,15.22,13.96,12.00,-36.88,0.00
77.279,208.40,201.67,119.75,0.50,1786.00,22.18,3.00,4.14,0.00,15.22,13.96,12.00,-36.88,0.00
77.428,208.40,201.67,119.75,0.52,1786.00,22.18,3.00,4.14,0.00,15.22,13.96,12.00,-36.88,0.00
77.579,208.40,201.67,119.75,0.52,1601.00,22.18,3.00,4.14,0.00,15.22,13.96,12.00,-36.88,0.00
77.729,208.40,201.67,119.75,0.52,1601.00,19.77,3.00,4.14,0.00,15.22,13.96,12.00,-36.88,0.00
77.879,208.40,201.67,119.75,0.52,1601.00,19.77,3.00,4.14,0.00,15.22,13.96,12.00,-36.88,0.00
78.028,208.40,201.67,119.75,0.52,1601.00,19.77,3.00,16.00,0.00,15.22,13.96,12.00,-36.88,0.00
78.179,208.40,201.67,119.75,0.52,1601.00,19.77,3.00,16.00,0.00,15.22,13.96,12.00,-36.88,0.00
78.329,208.40,201.67,119.75,0.52,1601.00,19.77,3.00,16.00,0.00,15.22,13.96,12.00,-36.88,0.00
78.479,208.40,201.67,119.75,0.52,1601.00,19.77,3.00,16.00,0.00,15.22,13.92,12.00,-36.88,0.00
78.628,208.40,201.67,119.75,0.52,1601.00,19.77,3.00,16.00,0.00,15.22,13.92,12.00,-36.88,0.00
78.779,208.40,201.67,119.75,0.52,1601.00,19.77,3.00,16.00,0.00,15.22,13.92,12.00,-36.88,0.00
78.929,208.40,201.67,119.75,0.52,1601.00,19.77,3.00,16.00,0.00,15.22,13.92,12.00,-36.88,0.00
79.079,206.60,201.67,119.75,0.52,1601.00,19.77,3.00,16.00,0.00,15.22,13.92,12.00,-36.88,0.00
79.229,206.60,201.49,119.75,0.52,1601.00,19.77,3.00,16.00,0.00,15.22,13.92,12.00,-36.88,0.00
79.379,206.60,201.49,121.10,0.52,1601.00,19.77,3.00,16.00,0.00,15.22,13.92,12.00,-36.88,0.00
79.529,206.60,201.49,121.10,0.41,1601.00,19.77,3.00,16.00,0.00,15.22,13.92,12.00,-36.88,0.00
79.678,206.60,201.49,121.10,0.41,1542.50,19.77,3.00,16.00,0.00,15.22,13.92,12.00,-36.88,0.00
79.828,206.60,201.49,121.10,0.41,1542.50,15.71,3.00,16.00,0.00,15.22,13.92,12.00,-36.88,0.00
79.978,206.60,201.49,121.10,0.41,1542.50,15.71,2.00,16.00,0.00,15.22,13.92,12.00,-36.88,0.00
80.128,206.60,201.49,121.10,0.41,1542.50,15.71,2.00,0.92,0.00,15.22,13.92,12.00,-36.88,0.00
80.278,206.60,201.49,121.10,0.41,1542.50,15.71,2.00,0.92,0.00,15.22,13.92,12.00,-36.88,0.00
80.428,206.60,201.49,121.10,0.41,1542.50,15.71,2.00,0.92,0.00,15.16,13.92,12.00,-36.88,0.00
80.578,206.60,201.49,121.10,0.41,1542.50,15.71,2.00,0.92,0.00,15.16,13.97,12.00,-36.88,0.00
80.729,206.60,201.49,121.10,0.41,1542.50,15.71,2.00,0.92,0.00,15.16,13.97,12.00,-36.88,0.00
80.879,206.60,201.49,121.10,0.41,1542.50,15.71,2.00,0.92,0.00,15.16,13.97,12.00,-36.88,0.00
81.029,206.60,201.49,121.10,0.41,1542.50,15.71,2.00,0.92,0.00,15.16,13.97,12.00,-36.88,0.00
81.179,206.60,201.49,121.10,0.41,1542.50,15.71,2.00,0.92,0.00,15.16,13.97,12.00,-36.88,0.00
81.329,206.60,200.95,121.10,0.41,1542.50,15.71,2.00,0.92,0.00,15.16,13.97,12.00,-36.88,0.00
81.479,206.60,200.95,121.10,0.41,1542.50,15.71,2.00,0.92,0.00,15.16,13.97,12.00,-36.88,0.00
81.629,206.60,200.95,121.10,0.23,1542.50,15.71,2.00,0.92,0.00,15.16,13.97,12.00,-36.88,0.00
81.779,206.60,200.95,121.10,0.23,1372.50,15.71,2.00,0.92,0.00,15.16,13.97,12.00,-36.88,0.00
81.929,206.60,200.95,121.10,0.23,1372.50,10.53,2.00,0.92,0.00,15.16,13.97,12.00,-36.88,0.00
82.079,206.60,200.95,121.10,0.23,1372.50,10.53,1.00,0.92,0.00,15.16,13.97,12.00,-36.88,0.00
82.228,206.60,200.95,121.10,0.23,1372.50,10.53,1.00,0.86,0.00,15.16,13.97,12.00,-36.88,0.00
82.378,206.60,200.95,121.10,0.23,1372.50,10.53,1.00,0.86,0.01,15.16,13.97,12.00,-36.88,0.00
82.529,206.60,200.95,121.10,0.23,1372.50,10.53,1.00,0.86,0.01,14.97,13.97,12.00,-36.88,0.00
82.679,206.60,200.95,121.10,0.23,1372.50,10.53,1.00,0.86,0.01,14.97,14.24,12.00,-36.88,0.00
82.859,206.60,200.95,121.10,0.23,1372.50,10.53,1.00,0.86,0.01,14.97,14.24,12.00,-36.88,0.00
83.009,206.60,200.95,121.10,0.23,1372.50,10.53,1.00,0.86,0.01,14.97,14.24,12.00,-36.88,0.00
83.159,206.60,200.95,121.10,0.23,1372.50,10.53,1.00,0.86,0.01,14.97,14.24,12.00,-36.88,0.00
83.309,208.40,200.95,121.10,0.23,1372.50,10.53,1.00,0.86,0.01,14.97,14.24,12.00,-36.88,0.00
83.459,208.40,200.59,121.10,0.23,1372.50,10.53,1.00,0.86,0.01,14.97,14.24,12.00,-36.88,0.00
83.609,208.40,200.59,121.10,0.23,1372.50,10.53,1.00,0.86,0.01,14.97,14.24,12.00,-36.88,0.00
83.759,208.40,200.59,121.10,0.21,1372.50,10.53,1.00,0.86,0.01,14.97,14.24,12.00,-36.88,0.00
83.909,208.40,200.59,121.10,0.21,825.50,10.53,1.00,0.86,0.01,14.97,14.24,12.00,-36.88,0.00
84.059,208.40,200.59,121.10,0.21,825.50,3.52,1.00,0.86,0.01,14.97,14.24,12.00,-36.88,0.00
84.208,208.40,200.59,121.10,0.21,825.50,3.52,1.00,0.86,0.01,14.97,14.24,12.00,-36.88,0.00
84.359,208.40,200.59,121.10,0.21,825.50,3.52,1.00,1.26,0.01,14.97,14.24,12.00,-36.88,0.00
84.508,208.40,200.59,121.10,0.21,825.50,3.52,1.00,1.26,0.00,14.97,14.24,12.00,-36.88,0.00
84.658,208.40,200.59,121.10,0.21,825.50,3.52,1.00,1.26,0.00,14.91,14.24,12.00,-36.88,0.00
84.809,208.40,200.59,121.10,0.21,825.50,3.52,1.00,1.26,0.00,14.91,13.96,12.00,-36.88,0.00
84.958,208.40,200.59,121.10,0.21,825.50,3.52,1.00,1.26,0.00,14.91,13.96,8.00,-36.88,0.00
85.108,208.40,200.59,121.10,0.21,825.50,3.52,1.00,1.26,0.00,14.91,13.96,8.00,59.74,0.00
85.259,208.40,200.59,121.10,0.21,825.50,3.52,1.00,1.26,0.00,14.91,13.96,8.00,59.74,0.00
85.409,208.40,200.59,121.10,0.21,825.50,3.52,1.00,1.26,0.00,14.91,13.96,8.00,59.74,0.00
85.559,208.40,200.41,121.10,0.21,825.50,3.52,1.00,1.26,0.00,14.91,13.96,8.00,59.74,0.00
85.709,208.40,200.41,122.45,0.21,825.50,3.52,1.00,1.26,0.00,14.91,13.96,8.00,59.74,0.00
85.859,208.40,200.41,122.45,0.10,825.50,3.52,1.00,1.26,0.00,14.91,13.96,8.00,59.74,0.00
86.009,208.40,200.41,122.45,0.10,930.00,3.52,1.00,1.26,0.00,14.91,13.96,8.00,59.74,0.00
86.159,208.40,200.41,122.45,0.10,930.00,1.50,1.00,1.26,0.00,14.91,13.96,8.00,59.74,0.00
86.309,208.40,200.41,122.45,0.10,930.00,1.50,1.00,1.26,0.00,14.91,13.96,8.00,59.74,0.00
86.459,208.40,200.41,122.45,0.10,930.00,1.50,1.00,0.92,0.00,14.91,13.96,8.00,59.74,0.00
86.609,208.40,200.41,122.45,0.10,930.00,1.50,1.00,0.92,0.01,14.91,13.96,8.00,59.74,0.00
86.758,208.40,200.41,122.45,0.10,930.00,1.50,1.00,0.92,0.01,15.03,13.96,8.00,59.74,0.00
86.909,208.40,200.41,122.45,0.10,930.00,1.50,1.00,0.92,0.01,15.03,14.03,8.00,59.74,0.00
87.059,208.40,200.41,122.45,0.10,930.00,1.50,1.00,0.92,0.01,15.03,14.03,48.00,59.74,0.00
87.209,208.40,200.41,122.45,0.10,930.00,1.50,1.00,0.92,0.01,15.03,14.03,48.00,1124.78,0.00
87.359,208.40,200.41,122.45,0.10,930.00,1.50,1.00,0.92,0.01,15.03,14.03,48.00,1124.78,22.51
87.509,206.60,200.41,122.45,0.10,930.00,1.50,1.00,0.92,0.01,15.03,14.03,48.00,1124.78,22.51
87.659,206.60,200.41,122.45,0.10,930.00,1.50,1.00,0.92,0.01,15.03,14.03,48.00,1124.78,22.51
87.809,206.60,200.41,121.10,0.10,930.00,1.50,1.00,0.92,0.01,15.03,14.03,48.00,1124.78,22.51
87.959,206.60,200.41,121.10,0.95,930.00,1.50,1.00,0.92,0.01,15.03,14.03,48.00,1124.78,22.51
88.109,206.60,200.41,121.10,0.95,1773.00,1.50,1.00,0.92,0.01,15.03,14.03,48.00,1124.78,22.51
88.259,206.60,200.41,121.10,0.95,1773.00,9.23,1.00,0.92,0.01,15.03,14.03,48.00,1124.78,22.51
88.409,206.60,200.41,121.10,0.95,1773.00,9.23,1.00,0.92,0.01,15.03,14.03,48.00,1124.78,22.51
88.559,206.60,200.41,121.10,0.95,1773.00,9.23,1.00,0.96,0.01,15.03,14.03,48.00,1124.78,22.51
88.709,206.60,200.41,121.10,0.95,1773.00,9.23,1.00,0.96,0.02,15.03,14.03,48.00,1124.78,22.51
88.859,206.60,200.41,121.10,0.95,1773.00,9.23,1.00,0.96,0.02,16.21,14.03,48.00,1124.78,22.51
89.009,206.60,200.41,121.10,0.95,1773.00,9.23,1.00,0.96,0.02,16.21,14.02,48.00,1124.78,22.51
89.159,206.60,200.41,121.10,0.95,1773.00,9.23,1.00,0.96,0.02,16.21,14.02,100.00,1124.78,22.51
89.309,206.60,200.41,121.10,0.95,1773.00,9.23,1.00,0.96,0.02,16.21,14.02,100.00,923.43,22.51
89.459,206.60,200.41,121.10,0.95,1773.00,9.23,1.00,0.96,0.02,16.21,14.02,100.00,923.43,25.16
89.609,206.60,200.41,121.10,0.95,1773.00,9.23,1.00,0.96,0.02,16.21,14.02,100.00,923.43,25.16
89.759,206.60,200.23,121.10,0.95,1773.00,9.23,1.00,0.96,0.02,16.21,14.02,100.00,923.43,25.16
89.909,206.60,200.23,119.75,0.95,1773.00,9.23,1.00,0.96,0.02,16.21,14.02,100.00,923.43,25.16
90.059,206.60,200.23,119.75,2.09,1773.00,9.23,1.00,0.96,0.02,16.21,14.02,100.00,923.43,25.16
90.209,206.60,200.23,119.75,2.09,1928.00,9.23,1.00,0.96,0.02,16.21,14.02,100.00,923.43,25.16
90.359,206.60,200.23,119.75,2.09,1928.00,15.55,1.00,0.96,0.02,16.21,14.02,100.00,923.43,25.16
90.539,206.60,200.23,119.75,2.09,1928.00,15.55,2.00,0.96,0.02,16.21,14.02,100.00,923.43,25.16
90.689,206.60,200.23,119.75,2.09,1928.00,15.55,2.00,1.00,0.02,16.21,14.02,100.00,923.43,25.16
90.839,206.60,200.23,119.75,2.09,1928.00,15.55,2.00,1.00,0.11,16.21,14.02,100.00,923.43,25.16
90.989,206.60,200.23,119.75,2.09,1928.00,15.55,2.00,1.00,0.11,17.02,14.02,100.00,923.43,25.16
91.139,206.60,200.23,119.75,2.09,1928.00,15.55,2.00,1.00,0.11,17.02,14.11,100.00,923.43,25.16
91.289,206.60,200.23,119.75,2.09,1928.00,15.55,2.00,1.00,0.11,17.02,14.11,96.00,923.43,25.16
91.439,206.60,200.23,119.75,2.09,1928.00,15.55,2.00,1.00,0.11,17.02,14.11,96.00,742.73,25.16
91.589,206.60,200.23,119.75,2.09,1928.00,15.55,2.00,1.00,0.11,17.02,14.11,96.00,742.73,25.49
91.739,206.60,200.23,119.75,2.09,1928.00,15.55,2.00,1.00,0.11,17.02,14.11,96.00,742.73,25.49
91.889,206.60,199.87,119.75,2.09,1928.00,15.55,2.00,1.00,0.11,17.02,14.11,96.00,742.73,25.49
92.039,206.60,199.87,118.40,2.09,1928.00,15.55,2.00,1.00,0.11,17.02,14.11,96.00,742.73,25.49
92.189,206.60,199.87,118.40,3.25,1928.00,15.55,2.00,1.00,0.11,17.02,14.11,96.00,742.73,25.49
92.339,206.60,199.87,118.40,3.25,1946.00,15.55,2.00,1.00,0.11,17.02,14.11,96.00,742.73,25.49
92.489,206.60,199.87,118.40,3.25,1946.00,22.10,2.00,1.00,0.11,17.02,14.11,96.00,742.73,25.49
92.639,206.60,199.87,118.40,3.25,1946.00,22.10,3.00,1.00,0.11,17.02,14.11,96.00,742.73,25.49
92.789,206.60,199.87,118.40,3.25,1946.00,22.10,3.00,0.96,0.11,17.02,14.11,96.00,742.73,25.49
92.939,206.60,199.87,118.40,3.25,1946.00,22.10,3.00,0.96,0.83,17.02,14.11,96.00,742.73,25.49
93.089,206.60,199.87,118.40,3.25,1946.00,22.10,3.00,0.96,0.83,16.89,14.11,96.00,742.73,25.49
93.239,206.60,199.87,118.40,3.25,1946.00,22.10,3.00,0.96,0.83,16.89,14.88,96.00,742.73,25.49
93.389,206.60,199.87,118.40,3.25,1946.00,22.10,3.00,0.96,0.83,16.89,14.88,108.00,742.73,25.49
93.547,206.60,199.87,118.40,3.25,1946.00,22.10,3.00,0.96,0.83,16.89,14.88,108.00,609.23,25.49
93.689,206.60,199.87,118.40,3.25,1946.00,22.10,3.00,0.96,0.83,16.89,14.88,108.00,609.23,19.20
93.839,206.60,199.87,118.40,3.25,1946.00,22.10,3.00,0.96,0.83,16.89,14.88,108.00,609.23,19.20
93.989,206.60,200.05,118.40,3.25,1946.00,22.10,3.00,0.96,0.83,16.89,14.88,108.00,609.23,19.20
94.139,206.60,200.05,117.05,3.25,1946.00,22.10,3.00,0.96,0.83,16.89,14.88,108.00,609.23,19.20
94.289,206.60,200.05,117.05,2.01,1946.00,22.10,3.00,0.96,0.83,16.89,14.88,108.00,609.23,19.20
94.439,206.60,200.05,117.05,2.01,2096.00,22.10,3.00,0.96,0.83,16.89,14.88,108.00,609.23,19.20
94.589,206.60,200.05,117.05,2.01,2096.00,25.83,3.00,0.96,0.83,16.89,14.88,108.00,609.23,19.20
94.739,206.60,200.05,117.05,2.01,2096.00,25.83,3.00,0.96,0.83,16.89,14.88,108.00,609.23,19.20
94.889,206.60,200.05,117.05,2.01,2096.00,25.83,3.00,0.99,0.83,16.89,14.88,108.00,609.23,19.20
95.039,206.60,200.05,117.05,2.01,2096.00,25.83,3.00,0.99,0.00,16.89,14.88,108.00,609.23,19.20
95.189,206.60,200.05,117.05,2.01,2096.00,25.83,3.00,0.99,0.00,15.78,14.88,108.00,609.23,19.20
95.339,206.60,200.05,117.05,2.01,2096.00,25.83,3.00,0.99,0.00,15.78,13.99,108.00,609.23,19.20
95.489,206.60,200.05,117.05,2.01,2096.00,25.83,3.00,0.99,0.00,15.78,13.99,16.00,609.23,19.20
95.639,206.60,200.05,117.05,2.01,2096.00,25.83,3.00,0.99,0.00,15.78,13.99,16.00,-20.65,19.20
95.788,206.60,200.05,117.05,2.01,2096.00,25.83,3.00,0.99,0.00,15.78,13.99,16.00,-20.65,0.00
95.939,206.60,200.05,117.05,2.01,2096.00,25.83,3.00,0.99,0.00,15.78,13.99,16.00,-20.65,0.00
96.089,206.60,200.95,117.05,2.01,2096.00,25.83,3.00,0.99,0.00,15.78,13.99,16.00,-20.65,0.00
96.239,206.60,200.95,118.40,2.01,2096.00,25.83,3.00,0.99,0.00,15.78,13.99,16.00,-20.65,0.00
96.389,206.60,200.95,118.40,0.57,2096.00,25.83,3.00,0.99,0.00,15.78,13.99,16.00,-20.65,0.00
96.539,206.60,200.95,118.40,0.57,1931.50,25.83,3.00,0.99,0.00,15.78,13.99,16.00,-20.65,0.00
96.689,206.60,200.95,118.40,0.57,1931.50,23.83,3.00,0.99,0.00,15.78,13.99,16.00,-20.65,0.00
96.839,206.60,200.95,118.40,0.57,1931.50,23.83,3.00,0.99,0.00,15.78,13.99,16.00,-20.65,0.00
96.989,206.60,200.95,118.40,0.57,1931.50,23.83,3.00,5.09,0.00,15.78,13.99,16.00,-20.65,0.00
97.139,206.60,200.95,118.40,0.57,1931.50,23.83,3.00,5.09,0.00,15.78,13.99,16.00,-20.65,0.00
97.289,206.60,200.95,118.40,0.57,1931.50,23.83,3.00,5.09,0.00,15.34,13.99,16.00,-20.65,0.00
97.439,206.60,200.95,118.40,0.57,1931.50,23.83,3.00,5.09,0.00,15.34,13.96,16.00,-20.65,0.00
97.589,206.60,200.95,118.40,0.57,1931.50,23.83,3.00,5.09,0.00,15.34,13.96,16.00,-20.65,0.00
97.739,206.60,200.95,118.40,0.57,1931.50,23.83,3.00,5.09,0.00,15.34,13.96,16.00,33.93,0.00
97.889,206.60,200.95,118.40,0.57,1931.50,23.83,3.00,5.09,0.00,15.34,13.96,16.00,33.93,11.25
98.039,206.60,200.95,118.40,0.57,1931.50,23.83,3.00,5.09,0.00,15.34,13.96,16.00,33.93,11.25
98.221,206.60,201.49,118.40,0.57,1931.50,23.83,3.00,5.09,0.00,15.34,13.96,16.00,33.93,11.25
98.369,206.60,201.49,119.75,0.57,1931.50,23.83,3.00,5.09,0.00,15.34,13.96,16.00,33.93,11.25
98.521,206.60,201.49,119.75,1.09,1931.50,23.83,3.00,5.09,0.00,15.34,13.96,16.00,33.93,11.25
98.669,206.60,201.49,119.75,1.09,2000.00,23.83,3.00,5.09,0.00,15.34,13.96,16.00,33.93,11.25
98.821,206.60,201.49,119.75,1.09,2000.00,24.83,3.00,5.09,0.00,15.34,13.96,16.00,33.93,11.25
98.969,206.60,201.49,119.75,1.09,2000.00,24.83,3.00,5.09,0.00,15.34,13.96,16.00,33.93,11.25
99.119,206.60,201.49,119.75,1.09,2000.00,24.83,3.00,0.94,0.00,15.34,13.96,16.00,33.93,11.25
99.269,206.60,201.49,119.75,1.09,2000.00,24.83,3.00,0.94,17.21,15.34,13.96,16.00,33.93,11.25
99.421,206.60,201.49,119.75,1.09,2000.00,24.83,3.00,0.94,17.21,26.00,13.96,16.00,33.93,11.25
99.569,206.60,201.49,119.75,1.09,2000.00,24.83,3.00,0.94,17.21,26.00,28.64,16.00,33.93,11.25
99.721,206.60,201.49,119.75,1.09,2000.00,24.83,3.00,0.94,17.21,26.00,28.64,364.00,33.93,11.25
99.869,206.60,201.49,119.75,1.09,2000.00,24.83,3.00,0.94,17.21,26.00,28.64,364.00,3439.25,11.25
100.019,206.60,201.49,119.75,1.09,2000.00,24.83,3.00,0.94,17.21,26.00,28.64,364.00,3439.25,77.81
100.169,206.60,201.49,119.75,1.09,2000.00,24.83,3.00,0.94,17.21,26.00,28.64,364.00,3439.25,77.81
100.321,206.60,201.85,119.75,1.09,2000.00,24.83,3.00,0.94,17.21,26.00,28.64,364.00,3439.25,77.81
100.469,206.60,201.85,117.05,1.09,2000.00,24.83,3.00,0.94,17.21,26.00,28.64,364.00,3439.25,77.81
100.621,206.60,201.85,117.05,19.65,2000.00,24.83,3.00,0.94,17.21,26.00,28.64,364.00,3439.25,77.81
100.769,206.60,201.85,117.05,19.65,3202.00,24.83,3.00,0.94,17.21,26.00,28.64,364.00,3439.25,77.81
100.921,206.60,201.85,117.05,19.65,3202.00,39.94,3.00,0.94,17.21,26.00,28.64,364.00,3439.25,77.81
101.069,206.60,201.85,117.05,19.65,3202.00,39.94,3.00,0.94,17.21,26.00,28.64,364.00,3439.25,77.81
101.221,206.60,201.85,117.05,19.65,3202.00,39.94,3.00,0.88,17.21,26.00,28.64,364.00,3439.25,77.81
101.369,206.60,201.85,117.05,19.65,3202.00,39.94,3.00,0.88,1.43,26.00,28.64,364.00,3439.25,77.81
101.521,206.60,201.85,117.05,19.65,3202.00,39.94,3.00,0.88,1.43,22.59,28.64,364.00,3439.25,77.81
101.669,206.60,201.85,117.05,19.65,3202.00,39.94,3.00,0.88,1.43,22.59,14.00,364.00,3439.25,77.81
101.821,206.60,201.85,117.05,19.65,3202.00,39.94,3.00,0.88,1.43,22.59,14.00,96.00,3439.25,77.81
101.971,206.60,201.85,117.05,19.65,3202.00,39.94,3.00,0.88,1.43,22.59,14.00,96.00,774.44,77.81
102.121,206.60,201.85,117.05,19.65,3202.00,39.94,3.00,0.88,1.43,22.59,14.00,96.00,774.44,8.94
102.269,208.40,201.85,117.05,19.65,3202.00,39.94,3.00,0.88,1.43,22.59,14.00,96.00,774.44,8.94
102.421,208.40,202.75,117.05,19.65,3202.00,39.94,3.00,0.88,1.43,22.59,14.00,96.00,774.44,8.94
102.569,208.40,202.75,115.70,19.65,3202.00,39.94,3.00,0.88,1.43,22.59,14.00,96.00,774.44,8.94
102.719,208.40,202.75,115.70,2.33,3202.00,39.94,3.00,0.88,1.43,22.59,14.00,96.00,774.44,8.94
102.869,208.40,202.75,115.70,2.33,3496.00,39.94,3.00,0.88,1.43,22.59,14.00,96.00,774.44,8.94
103.021,208.40,202.75,115.70,2.33,3496.00,43.07,3.00,0.88,1.43,22.59,14.00,96.00,774.44,8.94
103.169,208.40,202.75,115.70,2.33,3496.00,43.07,3.00,0.88,1.43,22.59,14.00,96.00,774.44,8.94
103.321,208.40,202.75,115.70,2.33,3496.00,43.07,3.00,1.07,1.43,22.59,14.00,96.00,774.44,8.94
103.469,208.40,202.75,115.70,2.33,3496.00,43.07,3.00,1.07,0.01,22.59,14.00,96.00,774.44,8.94
103.619,208.40,202.75,115.70,2.33,3496.00,43.07,3.00,1.07,0.01,15.84,14.00,96.00,774.44,8.94
103.769,208.40,202.75,115.70,2.33,3496.00,43.07,3.00,1.07,0.01,15.84,13.94,96.00,774.44,8.94
103.921,208.40,202.75,115.70,2.33,3496.00,43.07,3.00,1.07,0.01,15.84,13.94,32.00,774.44,8.94
104.069,208.40,202.75,115.70,2.33,3496.00,43.07,3.00,1.07,0.01,15.84,13.94,32.00,-34.67,8.94
104.221,208.40,202.75,115.70,2.33,3496.00,43.07,3.00,1.07,0.01,15.84,13.94,32.00,-34.67,0.00
104.369,208.40,202.75,115.70,2.33,3496.00,43.07,3.00,1.07,0.01,15.84,13.94,32.00,-34.67,0.00
104.521,208.40,204.01,115.70,2.33,3496.00,43.07,3.00,1.07,0.01,15.84,13.94,32.00,-34.67,0.00
104.669,208.40,204.01,117.05,2.33,3496.00,43.07,3.00,1.07,0.01,15.84,13.94,32.00,-34.67,0.00
104.821,208.40,204.01,117.05,0.85,3496.00,43.07,3.00,1.07,0.01,15.84,13.94,32.00,-34.67,0.00
104.969,208.40,204.01,117.05,0.85,3156.00,43.07,3.00,1.07,0.01,15.84,13.94,32.00,-34.67,0.00
105.121,208.40,204.01,117.05,0.85,3156.00,38.52,3.00,1.07,0.01,15.84,13.94,32.00,-34.67,0.00
105.269,208.40,204.01,117.05,0.85,3156.00,38.52,3.00,1.07,0.01,15.84,13.94,32.00,-34.67,0.00
105.421,208.40,204.01,117.05,0.85,3156.00,38.52,3.00,11.16,0.01,15.84,13.94,32.00,-34.67,0.00
105.569,208.40,204.01,117.05,0.85,3156.00,38.52,3.00,11.16,0.00,15.84,13.94,32.00,-34.67,0.00
105.721,208.40,204.01,117.05,0.85,3156.00,38.52,3.00,11.16,0.00,15.72,13.94,32.00,-34.67,0.00
105.899,208.40,204.01,117.05,0.85,3156.00,38.52,3.00,11.16,0.00,15.72,13.92,32.00,-34.67,0.00
106.049,208.40,204.01,117.05,0.85,3156.00,38.52,3.00,11.16,0.00,15.72,13.92,24.00,-34.67,0.00
106.199,208.40,204.01,117.05,0.85,3156.00,38.52,3.00,11.16,0.00,15.72,13.92,24.00,-36.88,0.00
106.349,208.40,204.01,117.05,0.85,3156.00,38.52,3.00,11.16,0.00,15.72,13.92,24.00,-36.88,0.00
106.499,208.40,204.01,117.05,0.85,3156.00,38.52,3.00,11.16,0.00,15.72,13.92,24.00,-36.88,0.00
106.649,208.40,205.09,117.05,0.85,3156.00,38.52,3.00,11.16,0.00,15.72,13.92,24.00,-36.88,0.00
106.799,208.40,205.09,118.40,0.85,3156.00,38.52,3.00,11.16,0.00,15.72,13.92,24.00,-36.88,0.00
106.949,208.40,205.09,118.40,0.91,3156.00,38.52,3.00,11.16,0.00,15.72,13.92,24.00,-36.88,0.00
107.099,208.40,205.09,118.40,0.91,2688.50,38.52,3.00,11.16,0.00,15.72,13.92,24.00,-36.88,0.00
107.249,208.40,205.09,118.40,0.91,2688.50,33.31,3.00,11.16,0.00,15.72,13.92,24.00,-36.88,0.00
107.399,208.40,205.09,118.40,0.91,2688.50,33.31,3.00,11.16,0.00,15.72,13.92,24.00,-36.88,0.00
107.549,208.40,205.09,118.40,0.91,2688.50,33.31,3.00,16.00,0.00,15.72,13.92,24.00,-36.88,0.00
107.699,208.40,205.09,118.40,0.91,2688.50,33.31,3.00,16.00,0.00,15.72,13.92,24.00,-36.88,0.00
107.849,208.40,205.09,118.40,0.91,2688.50,33.31,3.00,16.00,0.00,15.59,13.92,24.00,-36.88,0.00
107.999,208.40,205.09,118.40,0.91,2688.50,33.31,3.00,16.00,0.00,15.59,14.07,24.00,-36.88,0.00
108.149,208.40,205.09,118.40,0.91,2688.50,33.31,3.00,16.00,0.00,15.59,14.07,24.00,-36.88,0.00
108.299,208.40,205.09,118.40,0.91,2688.50,33.31,3.00,16.00,0.00,15.59,14.07,24.00,-36.88,0.00
108.449,208.40,205.09,118.40,0.91,2688.50,33.31,3.00,16.00,0.00,15.59,14.07,24.00,-36.88,0.00
108.599,208.40,205.09,118.40,0.91,2688.50,33.31,3.00,16.00,0.00,15.59,14.07,24.00,-36.88,0.00
108.779,208.40,205.27,118.40,0.91,2688.50,33.31,3.00,16.00,0.00,15.59,14.07,24.00,-36.88,0.00
108.929,208.40,205.27,118.40,0.91,2688.50,33.31,3.00,16.00,0.00,15.59,14.07,24.00,-36.88,0.00
109.079,208.40,205.27,118.40,0.91,2688.50,33.31,3.00,16.00,0.00,15.59,14.07,24.00,-36.88,0.00
109.229,208.40,205.27,118.40,0.91,2500.00,33.31,3.00,16.00,0.00,15.59,14.07,24.00,-36.88,0.00
109.379,208.40,205.27,118.40,0.91,2500.00,30.92,3.00,16.00,0.00,15.59,14.07,24.00,-36.88,0.00
109.529,208.40,205.27,118.40,0.91,2500.00,30.92,3.00,16.00,0.00,15.59,14.07,24.00,-36.88,0.00
109.679,208.40,205.27,118.40,0.91,2500.00,30.92,3.00,16.00,0.00,15.59,14.07,24.00,-36.88,0.00
109.859,208.40,205.27,118.40,0.91,2500.00,30.92,3.00,16.00,0.00,15.59,14.07,24.00,-36.88,0.00
110.009,208.40,205.27,118.40,0.91,2500.00,30.92,3.00,16.00,0.00,15.72,14.07,24.00,-36.88,0.00
110.159,208.40,205.27,118.40,0.91,2500.00,30.92,3.00,16.00,0.00,15.72,13.97,24.00,-36.88,0.00
110.309,208.40,205.27,118.40,0.91,2500.00,30.92,3.00,16.00,0.00,15.72,13.97,20.00,-36.88,0.00
110.459,208.40,205.27,118.40,0.91,2500.00,30.92,3.00,16.00,0.00,15.72,13.97,20.00,-36.88,0.00
110.609,208.40,205.27,118.40,0.91,2500.00,30.92,3.00,16.00,0.00,15.72,13.97,20.00,-36.88,0.00
110.759,208.40,205.27,118.40,0.91,2500.00,30.92,3.00,16.00,0.00,15.72,13.97,20.00,-36.88,0.00
110.909,208.40,205.09,118.40,0.91,2500.00,30.92,3.00,16.00,0.00,15.72,13.97,20.00,-36.88,0.00
111.059,208.40,205.09,119.75,0.91,2500.00,30.92,3.00,16.00,0.00,15.72,13.97,20.00,-36.88,0.00
111.209,208.40,205.09,119.75,0.89,2500.00,30.92,3.00,16.00,0.00,15.72,13.97,20.00,-36.88,0.00
111.359,208.40,205.09,119.75,0.89,2306.00,30.92,3.00,16.00,0.00,15.72,13.97,20.00,-36.88,0.00
111.509,208.40,205.09,119.75,0.89,2306.00,28.54,3.00,16.00,0.00,15.72,13.97,20.00,-36.88,0.00
111.659,208.40,205.09,119.75,0.89,2306.00,28.54,3.00,16.00,0.00,15.72,13.97,20.00,-36.88,0.00
111.809,208.40,205.09,119.75,0.89,2306.00,28.54,3.00,16.00,0.00,15.72,13.97,20.00,-36.88,0.00
111.959,208.40,205.09,119.75,0.89,2306.00,28.54,3.00,16.00,0.00,15.72,13.97,20.00,-36.88,0.00
112.109,208.40,205.09,119.75,0.89,2306.00,28.54,3.00,16.00,0.00,15.72,13.97,20.00,-36.88,0.00
112.289,208.40,205.09,119.75,0.89,2306.00,28.54,3.00,16.00,0.00,15.72,13.96,20.00,-36.88,0.00
112.439,208.40,205.09,119.75,0.89,2306.00,28.54,3.00,16.00,0.00,15.72,13.96,20.00,-36.88,0.00
112.589,208.40,205.09,119.75,0.89,2306.00,28.54,3.00,16.00,0.00,15.72,13.96,20.00,-36.88,0.00
112.739,208.40,205.09,119.75,0.89,2306.00,28.54,3.00,16.00,0.00,15.72,13.96,20.00,-36.88,0.00
112.889,208.40,205.09,119.75,0.89,2306.00,28.54,3.00,16.00,0.00,15.72,13.96,20.00,-36.88,0.00
113.039,208.40,204.55,119.75,0.89,2306.00,28.54,3.00,16.00,0.00,15.72,13.96,20.00,-36.88,0.00
113.189,208.40,204.55,119.75,0.89,2306.00,28.54,3.00,16.00,0.00,15.72,13.96,20.00,-36.88,0.00
113.339,208.40,204.55,119.75,0.86,2306.00,28.54,3.00,16.00,0.00,15.72,13.96,20.00,-36.88,0.00
113.489,208.40,204.55,119.75,0.86,2117.00,28.54,3.00,16.00,0.00,15.72,13.96,20.00,-36.88,0.00
113.639,208.40,204.55,119.75,0.86,2117.00,26.18,3.00,16.00,0.00,15.72,13.96,20.00,-36.88,0.00
113.789,208.40,204.55,119.75,0.86,2117.00,26.18,3.00,16.00,0.00,15.72,13.96,20.00,-36.88,0.00
113.939,208.40,204.55,119.75,0.86,2117.00,26.18,3.00,16.00,0.00,15.72,13.96,20.00,-36.88,0.00
114.089,208.40,204.55,119.75,0.86,2117.00,26.18,3.00,16.00,0.00,15.72,13.96,20.00,-36.88,0.00
114.239,208.40,204.55,119.75,0.86,2117.00,26.18,3.00,16.00,0.00,15.53,13.96,20.00,-36.88,0.00
114.389,208.40,204.55,119.75,0.86,2117.00,26.18,3.00,16.00,0.00,15.53,13.89,20.00,-36.88,0.00
114.547,208.40,204.55,119.75,0.86,2117.00,26.18,3.00,16.00,0.00,15.53,13.89,16.00,-36.88,0.00
114.689,208.40,204.55,119.75,0.86,2117.00,26.18,3.00,16.00,0.00,15.53,13.89,16.00,-36.88,0.00
114.839,208.40,204.55,119.75,0.86,2117.00,26.18,3.00,16.00,0.00,15.53,13.89,16.00,-36.88,0.00
114.989,208.40,204.55,119.75,0.86,2117.00,26.18,3.00,16.00,0.00,15.53,13.89,16.00,-36.88,0.00
115.139,208.40,204.01,119.75,0.86,2117.00,26.18,3.00,16.00,0.00,15.53,13.89,16.00,-36.88,0.00
115.289,208.40,204.01,119.75,0.86,2117.00,26.18,3.00,16.00,0.00,15.53,13.89,16.00,-36.88,0.00
115.439,208.40,204.01,119.75,0.78,2117.00,26.18,3.00,16.00,0.00,15.53,13.89,16.00,-36.88,0.00
115.589,208.40,204.01,119.75,0.78,1919.50,26.18,3.00,16.00,0.00,15.53,13.89,16.00,-36.88,0.00
115.739,208.40,204.01,119.75,0.78,1919.50,23.63,3.00,16.00,0.00,15.53,13.89,16.00,-36.88,0.00
115.889,208.40,204.01,119.75,0.78,1919.50,23.63,3.00,16.00,0.00,15.53,13.89,16.00,-36.88,0.00
116.039,208.40,204.01,119.75,0.78,1919.50,23.63,3.00,16.00,0.00,15.53,13.89,16.00,-36.88,0.00
116.189,208.40,204.01,119.75,0.78,1919.50,23.63,3.00,16.00,0.00,15.53,13.89,16.00,-36.88,0.00
116.339,208.40,204.01,119.75,0.78,1919.50,23.63,3.00,16.00,0.00,15.41,13.89,16.00,-36.88,0.00
116.489,208.40,204.01,119.75,0.78,1919.50,23.63,3.00,16.00,0.00,15.41,13.98,16.00,-36.88,0.00
116.639,208.40,204.01,119.75,0.78,1919.50,23.63,3.00,16.00,0.00,15.41,13.98,16.00,-36.88,0.00
116.789,208.40,204.01,119.75,0.78,1919.50,23.63,3.00,16.00,0.00,15.41,13.98,16.00,-36.88,0.00
116.939,208.40,204.01,119.75,0.78,1919.50,23.63,3.00,16.00,0.00,15.41,13.98,16.00,-36.88,0.00
117.089,208.40,204.01,119.75,0.78,1919.50,23.63,3.00,16.00,0.00,15.41,13.98,16.00,-36.88,0.00
117.239,208.40,203.47,119.75,0.78,1919.50,23.63,3.00,16.00,0.00,15.41,13.98,16.00,-36.88,0.00
117.421,208.40,203.47,121.10,0.78,1919.50,23.63,3.00,16.00,0.00,15.41,13.98,16.00,-36.88,0.00
117.569,208.40,203.47,121.10,0.55,1919.50,23.63,3.00,16.00,0.00,15.41,13.98,16.00,-36.88,0.00
117.721,208.40,203.47,121.10,0.55,1455.00,23.63,3.00,16.00,0.00,15.41,13.98,16.00,-36.88,0.00
117.869,208.40,203.47,121.10,0.55,1455.00,17.63,3.00,16.00,0.00,15.41,13.98,16.00,-36.88,0.00
118.019,208.40,203.47,121.10,0.55,1455.00,17.63,2.00,16.00,0.00,15.41,13.98,16.00,-36.88,0.00
118.169,208.40,203.47,121.10,0.55,1455.00,17.63,2.00,1.20,0.00,15.41,13.98,16.00,-36.88,0.00
118.321,208.40,203.47,121.10,0.55,1455.00,17.63,2.00,1.20,0.00,15.41,13.98,16.00,-36.88,0.00
118.469,208.40,203.47,121.10,0.55,1455.00,17.63,2.00,1.20,0.00,15.34,13.98,16.00,-36.88,0.00
118.621,208.40,203.47,121.10,0.55,1455.00,17.63,2.00,1.20,0.00,15.34,14.05,16.00,-36.88,0.00
118.769,208.40,203.47,121.10,0.55,1455.00,17.63,2.00,1.20,0.00,15.34,14.05,16.00,-36.88,0.00
118.921,208.40,203.47,121.10,0.55,1455.00,17.63,2.00,1.20,0.00,15.34,14.05,16.00,-36.88,0.00
119.069,208.40,203.47,121.10,0.55,1455.00,17.63,2.00,1.20,0.00,15.34,14.05,16.00,-36.88,0.00
119.221,206.60,203.47,121.10,0.55,1455.00,17.63,2.00,1.20,0.00,15.34,14.05,16.00,-36.88,0.00
119.369,206.60,202.93,121.10,0.55,1455.00,17.63,2.00,1.20,0.00,15.34,14.05,16.00,-36.88,0.00
119.521,206.60,202.93,121.10,0.55,1455.00,17.63,2.00,1.20,0.00,15.34,14.05,16.00,-36.88,0.00
119.669,206.60,202.93,121.10,0.30,1455.00,17.63,2.00,1.20,0.00,15.34,14.05,16.00,-36.88,0.00
119.821,206.60,202.93,121.10,0.30,1842.50,17.63,2.00,1.20,0.00,15.34,14.05,16.00,-36.88,0.00
119.969,206.60,202.93,121.10,0.30,1842.50,8.92,2.00,1.20,0.00,15.34,14.05,16.00,-36.88,0.00
120.121,206.60,202.93,121.10,0.30,1842.50,8.92,1.00,1.20,0.00,15.34,14.05,16.00,-36.88,0.00
120.269,206.60,202.93,121.10,0.30,1842.50,8.92,1.00,1.11,0.00,15.34,14.05,16.00,-36.88,0.00
120.421,206.60,202.93,121.10,0.30,1842.50,8.92,1.00,1.11,0.00,15.34,14.05,16.00,-36.88,0.00
120.569,206.60,202.93,121.10,0.30,1842.50,8.92,1.00,1.11,0.00,15.03,14.05,16.00,-36.88,0.00
120.721,206.60,202.93,121.10,0.30,1842.50,8.92,1.00,1.11,0.00,15.03,13.95,16.00,-36.88,0.00
120.869,206.60,202.93,121.10,0.30,1842.50,8.92,1.00,1.11,0.00,15.03,13.95,8.00,-36.88,0.00
121.021,206.60,202.93,121.10,0.30,1842.50,8.92,1.00,1.11,0.00,15.03,13.95,8.00,-36.88,0.00
121.169,206.60,202.93,121.10,0.30,1842.50,8.92,1.00,1.11,0.00,15.03,13.95,8.00,-36.88,0.00
121.321,208.40,202.93,121.10,0.30,1842.50,8.92,1.00,1.11,0.00,15.03,13.95,8.00,-36.88,0.00
121.469,208.40,202.39,121.10,0.30,1842.50,8.92,1.00,1.11,0.00,15.03,13.95,8.00,-36.88,0.00
121.621,208.40,202.39,121.10,0.30,1842.50,8.92,1.00,1.11,0.00,15.03,13.95,8.00,-36.88,0.00
121.769,208.40,202.39,121.10,0.18,1842.50,8.92,1.00,1.11,0.00,15.03,13.95,8.00,-36.88,0.00
121.921,208.40,202.39,121.10,0.18,940.00,8.92,1.00,1.11,0.00,15.03,13.95,8.00,-36.88,0.00
122.069,208.40,202.39,121.10,0.18,940.00,5.53,1.00,1.11,0.00,15.03,13.95,8.00,-36.88,0.00
122.221,208.40,202.39,121.10,0.18,940.00,5.53,1.00,1.11,0.00,15.03,13.95,8.00,-36.88,0.00
122.369,208.40,202.39,121.10,0.18,940.00,5.53,1.00,0.92,0.00,15.03,13.95,8.00,-36.88,0.00
122.549,208.40,202.39,121.10,0.18,940.00,5.53,1.00,0.92,0.01,15.03,13.95,8.00,-36.88,0.00
122.699,208.40,202.39,121.10,0.18,940.00,5.53,1.00,0.92,0.01,14.97,13.95,8.00,-36.88,0.00
122.849,208.40,202.39,121.10,0.18,940.00,5.53,1.00,0.92,0.01,14.97,14.01,8.00,-36.88,0.00
122.999,208.40,202.39,121.10,0.18,940.00,5.53,1.00,0.92,0.01,14.97,14.01,20.00,-36.88,0.00
123.149,208.40,202.39,121.10,0.18,940.00,5.53,1.00,0.92,0.01,14.97,14.01,20.00,407.13,0.00
123.299,208.40,202.39,121.10,0.18,940.00,5.53,1.00,0.92,0.01,14.97,14.01,20.00,407.13,9.27
123.449,208.40,202.39,121.10,0.18,940.00,5.53,1.00,0.92,0.01,14.97,14.01,20.00,407.13,9.27
123.599,208.40,202.21,121.10,0.18,940.00,5.53,1.00,0.92,0.01,14.97,14.01,20.00,407.13,9.27
123.749,208.40,202.21,122.45,0.18,940.00,5.53,1.00,0.92,0.01,14.97,14.01,20.00,407.13,9.27
123.929,208.40,202.21,122.45,0.23,940.00,5.53,1.00,0.92,0.01,14.97,14.01,20.00,407.13,9.27
124.079,208.40,202.21,122.45,0.23,1435.50,5.53,1.00,0.92,0.01,14.97,14.01,20.00,407.13,9.27
124.229,208.40,202.21,122.45,0.23,1435.50,7.50,1.00,0.92,0.01,14.97,14.01,20.00,407.13,9.27
124.379,208.40,202.21,122.45,0.23,1435.50,7.50,1.00,0.92,0.01,14.97,14.01,20.00,407.13,9.27
124.529,208.40,202.21,122.45,0.23,1435.50,7.50,1.00,0.97,0.01,14.97,14.01,20.00,407.13,9.27
124.679,208.40,202.21,122.45,0.23,1435.50,7.50,1.00,0.97,0.01,14.97,14.01,20.00,407.13,9.27
124.829,208.40,202.21,122.45,0.23,1435.50,7.50,1.00,0.97,0.01,15.03,14.01,20.00,407.13,9.27
124.979,208.40,202.21,122.45,0.23,1435.50,7.50,1.00,0.97,0.01,15.03,13.96,20.00,407.13,9.27
125.129,208.40,202.21,122.45,0.23,1435.50,7.50,1.00,0.97,0.01,15.03,13.96,32.00,407.13,9.27
125.279,208.40,202.21,122.45,0.23,1435.50,7.50,1.00,0.97,0.01,15.03,13.96,32.00,395.33,9.27
125.429,208.40,202.21,122.45,0.23,1435.50,7.50,1.00,0.97,0.01,15.03,13.96,32.00,395.33,13.90
125.579,208.40,202.21,122.45,0.23,1435.50,7.50,1.00,0.97,0.01,15.03,13.96,32.00,395.33,13.90
125.729,208.40,202.03,122.45,0.23,1435.50,7.50,1.00,0.97,0.01,15.03,13.96,32.00,395.33,13.90
125.879,208.40,202.03,121.10,0.23,1435.50,7.50,1.00,0.97,0.01,15.03,13.96,32.00,395.33,13.90
126.029,208.40,202.03,121.10,0.41,1435.50,7.50,1.00,0.97,0.01,15.03,13.96,32.00,395.33,13.90
126.179,208.40,202.03,121.10,0.41,1883.50,7.50,1.00,0.97,0.01,15.03,13.96,32.00,395.33,13.90
126.329,208.40,202.03,121.10,0.41,1883.50,9.69,1.00,0.97,0.01,15.03,13.96,32.00,395.33,13.90
126.479,208.40,202.03,121.10,0.41,1883.50,9.69,1.00,0.97,0.01,15.03,13.96,32.00,395.33,13.90
126.629,208.40,202.03,121.10,0.41,1883.50,9.69,1.00,0.99,0.01,15.03,13.96,32.00,395.33,13.90
126.779,208.40,202.03,121.10,0.41,1883.50,9.69,1.00,0.99,0.01,15.03,13.96,32.00,395.33,13.90
126.929,208.40,202.03,121.10,0.41,1883.50,9.69,1.00,0.99,0.01,15.22,13.96,32.00,395.33,13.90
127.079,208.40,202.03,121.10,0.41,1883.50,9.69,1.00,0.99,0.01,15.22,14.03,32.00,395.33,13.90
127.229,208.40,202.03,121.10,0.41,1883.50,9.69,1.00,0.99,0.01,15.22,14.03,36.00,395.33,13.90
127.379,208.40,202.03,121.10,0.41,1883.50,9.69,1.00,0.99,0.01,15.22,14.03,36.00,346.65,13.90
127.529,208.40,202.03,121.10,0.41,1883.50,9.69,1.00,0.99,0.01,15.22,14.03,36.00,346.65,12.90
127.679,208.40,202.03,121.10,0.41,1883.50,9.69,1.00,0.99,0.01,15.22,14.03,36.00,346.65,12.90
127.829,208.40,202.03,121.10,0.41,1883.50,9.69,1.00,0.99,0.01,15.22,14.03,36.00,346.65,12.90
127.979,208.40,202.03,121.10,0.41,1883.50,9.69,1.00,0.99,0.01,15.22,14.03,36.00,346.65,12.90
128.129,208.40,202.03,121.10,0.60,1883.50,9.69,1.00,0.99,0.01,15.22,14.03,36.00,346.65,12.90
128.279,208.40,202.03,121.10,0.60,2241.00,9.69,1.00,0.99,0.01,15.22,14.03,36.00,346.65,12.90
128.429,208.40,202.03,121.10,0.60,2241.00,11.52,1.00,0.99,0.01,15.22,14.03,36.00,346.65,12.90
128.579,208.40,202.03,121.10,0.60,2241.00,11.52,1.00,0.99,0.01,15.22,14.03,36.00,346.65,12.90
128.729,208.40,202.03,121.10,0.60,2241.00,11.52,1.00,0.99,0.01,15.22,14.03,36.00,346.65,12.90
128.879,208.40,202.03,121.10,0.60,2241.00,11.52,1.00,0.99,0.02,15.22,14.03,36.00,346.65,12.90
129.059,208.40,202.03,121.10,0.60,2241.00,11.52,1.00,0.99,0.02,15.47,14.03,36.00,346.65,12.90
129.209,208.40,202.03,121.10,0.60,2241.00,11.52,1.00,0.99,0.02,15.47,13.91,36.00,346.65,12.90
129.359,208.40,202.03,121.10,0.60,2241.00,11.52,1.00,0.99,0.02,15.47,13.91,164.00,346.65,12.90
129.509,208.40,202.03,121.10,0.60,2241.00,11.52,1.00,0.99,0.02,15.47,13.91,164.00,2211.95,12.90
129.659,208.40,202.03,121.10,0.60,2241.00,11.52,1.00,0.99,0.02,15.47,13.91,164.00,2211.95,59.92
129.809,208.40,202.03,121.10,0.60,2241.00,11.52,1.00,0.99,0.02,15.47,13.91,164.00,2211.95,59.92
129.959,208.40,201.85,121.10,0.60,2241.00,11.52,1.00,0.99,0.02,15.47,13.91,164.00,2211.95,59.92
130.109,208.40,201.85,119.75,0.60,2241.00,11.52,1.00,0.99,0.02,15.47,13.91,164.00,2211.95,59.92
130.259,208.40,201.85,119.75,19.72,2241.00,11.52,1.00,0.99,0.02,15.47,13.91,164.00,2211.95,59.92
130.409,208.40,201.85,119.75,19.72,5103.50,11.52,1.00,0.99,0.02,15.47,13.91,164.00,2211.95,59.92
130.559,208.40,201.85,119.75,19.72,5103.50,24.85,1.00,0.99,0.02,15.47,13.91,164.00,2211.95,59.92
130.709,208.40,201.85,119.75,19.72,5103.50,24.85,1.00,0.99,0.02,15.47,13.91,164.00,2211.95,59.92
130.859,208.40,201.85,119.75,19.72,5103.50,24.85,1.00,0.81,0.02,15.47,13.91,164.00,2211.95,59.92
131.009,208.40,201.85,119.75,19.72,5103.50,24.85,1.00,0.81,20.11,15.47,13.91,164.00,2211.95,59.92
131.159,208.40,201.85,119.75,19.72,5103.50,24.85,1.00,0.81,20.11,31.70,13.91,164.00,2211.95,59.92
131.309,208.40,201.85,119.75,19.72,5103.50,24.85,1.00,0.81,20.11,31.70,30.57,164.00,2211.95,59.92
131.489,208.40,201.85,119.75,19.72,5103.50,24.85,1.00,0.81,20.11,31.70,30.57,784.00,2211.95,59.92
131.639,208.40,201.85,119.75,19.72,5103.50,24.85,1.00,0.81,20.11,31.70,30.57,784.00,4421.68,59.92
131.789,208.40,201.85,119.75,19.72,5103.50,24.85,1.00,0.81,20.11,31.70,30.57,784.00,4421.68,100.00
131.939,210.20,201.85,119.75,19.72,5103.50,24.85,1.00,0.81,20.11,31.70,30.57,784.00,4421.68,100.00
132.089,210.20,202.21,119.75,19.72,5103.50,24.85,1.00,0.81,20.11,31.70,30.57,784.00,4421.68,100.00
132.239,210.20,202.21,115.70,19.72,5103.50,24.85,1.00,0.81,20.11,31.70,30.57,784.00,4421.68,100.00
132.389,210.20,202.21,115.70,16.21,5103.50,24.85,1.00,0.81,20.11,31.70,30.57,784.00,4421.68,100.00
132.539,210.20,202.21,115.70,16.21,5844.50,24.85,1.00,0.81,20.11,31.70,30.57,784.00,4421.68,100.00
132.689,210.20,202.21,115.70,16.21,5844.50,46.91,1.00,0.81,20.11,31.70,30.57,784.00,4421.68,100.00
132.839,210.20,202.21,115.70,16.21,5844.50,46.91,2.00,0.81,20.11,31.70,30.57,784.00,4421.68,100.00
132.989,210.20,202.21,115.70,16.21,5844.50,46.91,2.00,0.82,20.11,31.70,30.57,784.00,4421.68,100.00
133.169,210.20,202.21,115.70,16.21,5844.50,46.91,2.00,0.82,17.90,31.70,30.57,784.00,4421.68,100.00
133.321,210.20,202.21,115.70,16.21,5844.50,46.91,2.00,0.82,17.90,30.77,30.57,784.00,4421.68,100.00
133.469,210.20,202.21,115.70,16.21,5844.50,46.91,2.00,0.82,17.90,30.77,12.83,784.00,4421.68,100.00
133.621,210.20,202.21,115.70,16.21,5844.50,46.91,2.00,0.82,17.90,30.77,12.83,148.00,4421.68,100.00
133.769,210.20,202.21,115.70,16.21,5844.50,46.91,2.00,0.82,17.90,30.77,12.83,148.00,1659.51,100.00
133.922,210.20,202.21,115.70,16.21,5844.50,46.91,2.00,0.82,17.90,30.77,12.83,148.00,1659.51,0.00
134.069,217.40,202.21,115.70,16.21,5844.50,46.91,2.00,0.82,17.90,30.77,12.83,148.00,1659.51,0.00
134.222,217.40,204.01,115.70,16.21,5844.50,46.91,2.00,0.82,17.90,30.77,12.83,148.00,1659.51,0.00
134.369,217.40,204.01,114.35,16.21,5844.50,46.91,2.00,0.82,17.90,30.77,12.83,148.00,1659.51,0.00
134.521,217.40,204.01,114.35,2.89,5844.50,46.91,2.00,0.82,17.90,30.77,12.83,148.00,1659.51,0.00
134.669,217.40,204.01,114.35,2.89,5932.00,46.91,2.00,0.82,17.90,30.77,12.83,148.00,1659.51,0.00
134.821,217.40,204.01,114.35,2.89,5932.00,51.28,2.00,0.82,17.90,30.77,12.83,148.00,1659.51,0.00
134.969,217.40,204.01,114.35,2.89,5932.00,51.28,3.00,0.82,17.90,30.77,12.83,148.00,1659.51,0.00
135.121,217.40,204.01,114.35,2.89,5932.00,51.28,3.00,1.00,17.90,30.77,12.83,148.00,1659.51,0.00
135.269,217.40,204.01,114.35,2.89,5932.00,51.28,3.00,1.00,0.02,30.77,12.83,148.00,1659.51,0.00
135.449,217.40,204.01,114.35,2.89,5932.00,51.28,3.00,1.00,0.02,16.27,12.83,148.00,1659.51,0.00
135.599,217.40,204.01,114.35,2.89,5932.00,51.28,3.00,1.00,0.02,16.27,14.17,148.00,1659.51,0.00
135.749,217.40,204.01,114.35,2.89,5932.00,51.28,3.00,1.00,0.02,16.27,14.17,40.00,1659.51,0.00
135.899,217.40,204.01,114.35,2.89,5932.00,51.28,3.00,1.00,0.02,16.27,14.17,40.00,-35.40,0.00
136.049,217.40,204.01,114.35,2.89,5932.00,51.28,3.00,1.00,0.02,16.27,14.17,40.00,-35.40,0.00
136.199,219.20,204.01,114.35,2.89,5932.00,51.28,3.00,1.00,0.02,16.27,14.17,40.00,-35.40,0.00
136.350,219.20,206.17,114.35,2.89,5932.00,51.28,3.00,1.00,0.02,16.27,14.17,40.00,-35.40,0.00
136.499,219.20,206.17,115.70,2.89,5932.00,51.28,3.00,1.00,0.02,16.27,14.17,40.00,-35.40,0.00
136.649,219.20,206.17,115.70,1.51,5932.00,51.28,3.00,1.00,0.02,16.27,14.17,40.00,-35.40,0.00
136.799,219.20,206.17,115.70,1.51,3215.50,51.28,3.00,1.00,0.02,16.27,14.17,40.00,-35.40,0.00
136.949,219.20,206.17,115.70,1.51,3215.50,38.78,3.00,1.00,0.02,16.27,14.17,40.00,-35.40,0.00
137.099,219.20,206.17,115.70,1.51,3215.50,38.78,3.00,1.00,0.02,16.27,14.17,40.00,-35.40,0.00
137.249,219.20,206.17,115.70,1.51,3215.50,38.78,3.00,16.00,0.02,16.27,14.17,40.00,-35.40,0.00
137.399,219.20,206.17,115.70,1.51,3215.50,38.78,3.00,16.00,0.01,16.27,14.17,40.00,-35.40,0.00
137.550,219.20,206.17,115.70,1.51,3215.50,38.78,3.00,16.00,0.01,15.96,14.17,40.00,-35.40,0.00
137.699,219.20,206.17,115.70,1.51,3215.50,38.78,3.00,16.00,0.01,15.96,14.00,40.00,-35.40,0.00
137.849,219.20,206.17,115.70,1.51,3215.50,38.78,3.00,16.00,0.01,15.96,14.00,24.00,-35.40,0.00
137.999,219.20,206.17,115.70,1.51,3215.50,38.78,3.00,16.00,0.01,15.96,14.00,24.00,-36.88,0.00
138.149,219.20,206.17,115.70,1.51,3215.50,38.78,3.00,16.00,0.01,15.96,14.00,24.00,-36.88,0.00
138.299,219.20,206.17,115.70,1.51,3215.50,38.78,3.00,16.00,0.01,15.96,14.00,24.00,-36.88,0.00
138.449,219.20,206.89,115.70,1.51,3215.50,38.78,3.00,16.00,0.01,15.96,14.00,24.00,-36.88,0.00
138.599,219.20,206.89,117.05,1.51,3215.50,38.78,3.00,16.00,0.01,15.96,14.00,24.00,-36.88,0.00
138.749,219.20,206.89,117.05,0.91,3215.50,38.78,3.00,16.00,0.01,15.96,14.00,24.00,-36.88,0.00
138.899,219.20,206.89,117.05,0.91,1957.50,38.78,3.00,16.00,0.01,15.96,14.00,24.00,-36.88,0.00
139.049,219.20,206.89,117.05,0.91,1957.50,22.94,3.00,16.00,0.01,15.96,14.00,24.00,-36.88,0.00
139.199,219.20,206.89,117.05,0.91,1957.50,22.94,2.00,16.00,0.01,15.96,14.00,24.00,-36.88,0.00
139.349,219.20,206.89,117.05,0.91,1957.50,22.94,2.00,0.96,0.01,15.96,14.00,24.00,-36.88,0.00
139.499,219.20,206.89,117.05,0.91,1957.50,22.94,2.00,0.96,0.01,15.96,14.00,24.00,-36.88,0.00
139.649,219.20,206.89,117.05,0.91,1957.50,22.94,2.00,0.96,0.01,15.53,14.00,24.00,-36.88,0.00
139.799,219.20,206.89,117.05,0.91,1957.50,22.94,2.00,0.96,0.01,15.53,14.67,24.00,-36.88,0.00
139.950,219.20,206.89,117.05,0.91,1957.50,22.94,2.00,0.96,0.01,15.53,14.67,16.00,-36.88,0.00
140.099,219.20,206.89,117.05,0.91,1957.50,22.94,2.00,0.96,0.01,15.53,14.67,16.00,-36.88,0.00
140.249,219.20,206.89,117.05,0.91,1957.50,22.94,2.00,0.96,0.01,15.53,14.67,16.00,-36.88,0.00
140.399,217.40,206.89,117.05,0.91,1957.50,22.94,2.00,0.96,0.01,15.53,14.67,16.00,-36.88,0.00
140.579,217.40,206.35,117.05,0.91,1957.50,22.94,2.00,0.96,0.01,15.53,14.67,16.00,-36.88,0.00
140.729,217.40,206.35,118.40,0.91,1957.50,22.94,2.00,0.96,0.01,15.53,14.67,16.00,-36.88,0.00
140.879,217.40,206.35,118.40,0.51,1957.50,22.94,2.00,0.96,0.01,15.53,14.67,16.00,-36.88,0.00
141.029,217.40,206.35,118.40,0.51,1664.00,22.94,2.00,0.96,0.01,15.53,14.67,16.00,-36.88,0.00
141.179,217.40,206.35,118.40,0.51,1664.00,7.64,2.00,0.96,0.01,15.53,14.67,16.00,-36.88,0.00
141.329,217.40,206.35,118.40,0.51,1664.00,7.64,1.00,0.96,0.01,15.53,14.67,16.00,-36.88,0.00
141.479,217.40,206.35,118.40,0.51,1664.00,7.64,1.00,1.13,0.01,15.53,14.67,16.00,-36.88,0.00
141.629,217.40,206.35,118.40,0.51,1664.00,7.64,1.00,1.13,0.00,15.53,14.67,16.00,-36.88,0.00
141.779,217.40,206.35,118.40,0.51,1664.00,7.64,1.00,1.13,0.00,15.03,14.67,16.00,-36.88,0.00
141.959,217.40,206.35,118.40,0.51,1664.00,7.64,1.00,1.13,0.00,15.03,13.98,16.00,-36.88,0.00
142.109,217.40,206.35,118.40,0.51,1664.00,7.64,1.00,1.13,0.00,15.03,13.98,12.00,-36.88,0.00
142.260,217.40,206.35,118.40,0.51,1664.00,7.64,1.00,1.13,0.00,15.03,13.98,12.00,871.06,0.00
142.409,217.40,206.35,118.40,0.51,1664.00,7.64,1.00,1.13,0.00,15.03,13.98,12.00,871.06,24.83
142.559,217.40,206.35,118.40,0.51,1664.00,7.64,1.00,1.13,0.00,15.03,13.98,12.00,871.06,24.83
142.709,217.40,205.63,118.40,0.51,1664.00,7.64,1.00,1.13,0.00,15.03,13.98,12.00,871.06,24.83
142.859,217.40,205.63,119.75,0.51,1664.00,7.64,1.00,1.13,0.00,15.03,13.98,12.00,871.06,24.83
143.010,217.40,205.63,119.75,0.71,1664.00,7.64,1.00,1.13,0.00,15.03,13.98,12.00,871.06,24.83
143.159,217.40,205.63,119.75,0.71,1810.50,7.64,1.00,1.13,0.00,15.03,13.98,12.00,871.06,24.83
143.309,217.40,205.63,119.75,0.71,1810.50,8.73,1.00,1.13,0.00,15.03,13.98,12.00,871.06,24.83
143.459,217.40,205.63,119.75,0.71,1810.50,8.73,1.00,1.13,0.00,15.03,13.98,12.00,871.06,24.83
143.611,217.40,205.63,119.75,0.71,1810.50,8.73,1.00,0.98,0.00,15.03,13.98,12.00,871.06,24.83
143.759,217.40,205.63,119.75,0.71,1810.50,8.73,1.00,0.98,0.16,15.03,13.98,12.00,871.06,24.83
143.909,217.40,205.63,119.75,0.71,1810.50,8.73,1.00,0.98,0.16,16.52,13.98,12.00,871.06,24.83
144.059,217.40,205.63,119.75,0.71,1810.50,8.73,1.00,0.98,0.16,16.52,14.08,12.00,871.06,24.83
144.209,217.40,205.63,119.75,0.71,1810.50,8.73,1.00,0.98,0.16,16.52,14.08,112.00,871.06,24.83
144.359,217.40,205.63,119.75,0.71,1810.50,8.73,1.00,0.98,0.16,16.52,14.08,112.00,1240.58,24.83
144.509,217.40,205.63,119.75,0.71,1810.50,8.73,1.00,0.98,0.16,16.52,14.08,112.00,1240.58,31.79
144.659,217.40,205.63,119.75,0.71,1810.50,8.73,1.00,0.98,0.16,16.52,14.08,112.00,1240.58,31.79
144.809,217.40,204.91,119.75,0.71,1810.50,8.73,1.00,0.98,0.16,16.52,14.08,112.00,1240.58,31.79
144.959,217.40,204.91,118.40,0.71,1810.50,8.73,1.00,0.98,0.16,16.52,14.08,112.00,1240.58,31.79
145.109,217.40,204.91,118.40,2.92,1810.50,8.73,1.00,0.98,0.16,16.52,14.08,112.00,1240.58,31.79
145.259,217.40,204.91,118.40,2.92,2203.50,8.73,1.00,0.98,0.16,16.52,14.08,112.00,1240.58,31.79
145.409,217.40,204.91,118.40,2.92,2203.50,17.85,1.00,0.98,0.16,16.52,14.08,112.00,1240.58,31.79
145.559,217.40,204.91,118.40,2.92,2203.50,17.85,2.00,0.98,0.16,16.52,14.08,112.00,1240.58,31.79
145.739,217.40,204.91,118.40,2.92,2203.50,17.85,2.00,0.96,0.16,16.52,14.08,112.00,1240.58,31.79
145.889,217.40,204.91,118.40,2.92,2203.50,17.85,2.00,0.96,1.03,16.52,14.08,112.00,1240.58,31.79
146.039,217.40,204.91,118.40,2.92,2203.50,17.85,2.00,0.96,1.03,17.95,14.08,112.00,1240.58,31.79
146.189,217.40,204.91,118.40,2.92,2203.50,17.85,2.00,0.96,1.03,17.95,14.85,112.00,1240.58,31.79
146.339,217.40,204.91,118.40,2.92,2203.50,17.85,2.00,0.96,1.03,17.95,14.85,152.00,1240.58,31.79
146.489,217.40,204.91,118.40,2.92,2203.50,17.85,2.00,0.96,1.03,17.95,14.85,152.00,938.92,31.79
146.669,217.40,204.91,118.40,2.92,2203.50,17.85,2.00,0.96,1.03,17.95,14.85,152.00,938.92,30.13
146.849,217.40,204.91,118.40,2.92,2203.50,17.85,2.00,0.96,1.03,17.95,14.85,152.00,938.92,30.13
146.999,217.40,203.47,118.40,2.92,2203.50,17.85,2.00,0.96,1.03,17.95,14.85,152.00,938.92,30.13
147.179,217.40,203.47,117.05,2.92,2203.50,17.85,2.00,0.96,1.03,17.95,14.85,152.00,938.92,30.13
147.329,217.40,203.47,117.05,4.36,2203.50,17.85,2.00,0.96,1.03,17.95,14.85,152.00,938.92,30.13
147.479,217.40,203.47,117.05,4.36,2138.00,17.85,2.00,0.96,1.03,17.95,14.85,152.00,938.92,30.13
147.629,217.40,203.47,117.05,4.36,2138.00,26.54,2.00,0.96,1.03,17.95,14.85,152.00,938.92,30.13
147.779,217.40,203.47,117.05,4.36,2138.00,26.54,3.00,0.96,1.03,17.95,14.85,152.00,938.92,30.13
147.929,217.40,203.47,117.05,4.36,2138.00,26.54,3.00,0.99,1.03,17.95,14.85,152.00,938.92,30.13
148.079,217.40,203.47,117.05,4.36,2138.00,26.54,3.00,0.99,1.24,17.95,14.85,152.00,938.92,30.13
148.259,217.40,203.47,117.05,4.36,2138.00,26.54,3.00,0.99,1.24,17.08,14.85,152.00,938.92,30.13
148.409,217.40,203.47,117.05,4.36,2138.00,26.54,3.00,0.99,1.24,17.08,14.50,152.00,938.92,30.13
148.559,217.40,203.47,117.05,4.36,2138.00,26.54,3.00,0.99,1.24,17.08,14.50,116.00,938.92,30.13
148.709,217.40,203.47,117.05,4.36,2138.00,26.54,3.00,0.99,1.24,17.08,14.50,116.00,643.89,30.13
148.859,217.40,203.47,117.05,4.36,2138.00,26.54,3.00,0.99,1.24,17.08,14.50,116.00,643.89,19.20
149.009,217.40,203.47,117.05,4.36,2138.00,26.54,3.00,0.99,1.24,17.08,14.50,116.00,643.89,19.20
149.160,217.40,202.57,117.05,4.36,2138.00,26.54,3.00,0.99,1.24,17.08,14.50,116.00,643.89,19.20
149.309,217.40,202.57,115.70,4.36,2138.00,26.54,3.00,0.99,1.24,17.08,14.50,116.00,643.89,19.20
149.459,217.40,202.57,115.70,2.51,2138.00,26.54,3.00,0.99,1.24,17.08,14.50,116.00,643.89,19.20
149.609,217.40,202.57,115.70,2.51,2020.50,26.54,3.00,0.99,1.24,17.08,14.50,116.00,643.89,19.20
149.760,217.40,202.57,115.70,2.51,2020.50,30.89,3.00,0.99,1.24,17.08,14.50,116.00,643.89,19.20
149.909,217.40,202.57,115.70,2.51,2020.50,30.89,4.00,0.99,1.24,17.08,14.50,116.00,643.89,19.20
150.059,217.40,202.57,115.70,2.51,2020.50,30.89,4.00,1.00,1.24,17.08,14.50,116.00,643.89,19.20
150.210,217.40,202.57,115.70,2.51,2020.50,30.89,4.00,1.00,0.01,17.08,14.50,116.00,643.89,19.20
150.360,217.40,202.57,115.70,2.51,2020.50,30.89,4.00,1.00,0.01,15.90,14.50,116.00,643.89,19.20
150.509,217.40,202.57,115.70,2.51,2020.50,30.89,4.00,1.00,0.01,15.90,13.97,116.00,643.89,19.20
150.689,217.40,202.57,115.70,2.51,2020.50,30.89,4.00,1.00,0.01,15.90,13.97,16.00,643.89,19.20
150.840,217.40,202.57,115.70,2.51,2020.50,30.89,4.00,1.00,0.01,15.90,13.97,16.00,-4.43,19.20
150.989,217.40,202.57,115.70,2.51,2020.50,30.89,4.00,1.00,0.01,15.90,13.97,16.00,-4.43,0.00
151.139,217.40,202.57,115.70,2.51,2020.50,30.89,4.00,1.00,0.01,15.90,13.97,16.00,-4.43,0.00
151.290,217.40,202.39,115.70,2.51,2020.50,30.89,4.00,1.00,0.01,15.90,13.97,16.00,-4.43,0.00
151.439,217.40,202.39,117.05,2.51,2020.50,30.89,4.00,1.00,0.01,15.90,13.97,16.00,-4.43,0.00
151.590,217.40,202.39,117.05,0.57,2020.50,30.89,4.00,1.00,0.01,15.90,13.97,16.00,-4.43,0.00
151.739,217.40,202.39,117.05,0.57,1849.50,30.89,4.00,1.00,0.01,15.90,13.97,16.00,-4.43,0.00
151.890,217.40,202.39,117.05,0.57,1849.50,29.01,4.00,1.00,0.01,15.90,13.97,16.00,-4.43,0.00
152.039,217.40,202.39,117.05,0.57,1849.50,29.01,4.00,1.00,0.01,15.90,13.97,16.00,-4.43,0.00
152.190,217.40,202.39,117.05,0.57,1849.50,29.01,4.00,3.84,0.01,15.90,13.97,16.00,-4.43,0.00
152.339,217.40,202.39,117.05,0.57,1849.50,29.01,4.00,3.84,0.01,15.90,13.97,16.00,-4.43,0.00
152.489,217.40,202.39,117.05,0.57,1849.50,29.01,4.00,3.84,0.01,15.28,13.97,16.00,-4.43,0.00
152.639,217.40,202.39,117.05,0.57,1849.50,29.01,4.00,3.84,0.01,15.28,14.03,16.00,-4.43,0.00
152.789,217.40,202.39,117.05,0.57,1849.50,29.01,4.00,3.84,0.01,15.28,14.03,16.00,-4.43,0.00
152.939,217.40,202.39,117.05,0.57,1849.50,29.01,4.00,3.84,0.01,15.28,14.03,16.00,-36.88,0.00
153.090,217.40,202.39,117.05,0.57,1849.50,29.01,4.00,3.84,0.01,15.28,14.03,16.00,-36.88,0.00
153.240,217.40,202.39,117.05,0.57,1849.50,29.01,4.00,3.84,0.01,15.28,14.03,16.00,-36.88,0.00
153.390,217.40,201.85,117.05,0.57,1849.50,29.01,4.00,3.84,0.01,15.28,14.03,16.00,-36.88,0.00
153.539,217.40,201.85,119.75,0.57,1849.50,29.01,4.00,3.84,0.01,15.28,14.03,16.00,-36.88,0.00
153.690,217.40,201.85,119.75,0.54,1849.50,29.01,4.00,3.84,0.01,15.28,14.03,16.00,-36.88,0.00
153.839,217.40,201.85,119.75,0.54,1717.00,29.01,4.00,3.84,0.01,15.28,14.03,16.00,-36.88,0.00
153.990,217.40,201.85,119.75,0.54,1717.00,26.89,4.00,3.84,0.01,15.28,14.03,16.00,-36.88,0.00
154.140,217.40,201.85,119.75,0.54,1717.00,26.89,4.00,3.84,0.01,15.28,14.03,16.00,-36.88,0.00
154.290,217.40,201.85,119.75,0.54,1717.00,26.89,4.00,16.00,0.01,15.28,14.03,16.00,-36.88,0.00
154.440,217.40,201.85,119.75,0.54,1717.00,26.89,4.00,16.00,0.01,15.28,14.03,16.00,-36.88,0.00
154.590,217.40,201.85,119.75,0.54,1717.00,26.89,4.00,16.00,0.01,15.28,14.03,16.00,-36.88,0.00
154.739,217.40,201.85,119.75,0.54,1717.00,26.89,4.00,16.00,0.01,15.28,13.93,16.00,-36.88,0.00
154.891,217.40,201.85,119.75,0.54,1717.00,26.89,4.00,16.00,0.01,15.28,13.93,12.00,-36.88,0.00
155.039,217.40,201.85,119.75,0.54,1717.00,26.89,4.00,16.00,0.01,15.28,13.93,12.00,-36.88,0.00
155.189,217.40,201.85,119.75,0.54,1717.00,26.89,4.00,16.00,0.01,15.28,13.93,12.00,-36.88,0.00
155.339,217.40,201.85,119.75,0.54,1717.00,26.89,4.00,16.00,0.01,15.28,13.93,12.00,-36.88,0.00
155.489,217.40,200.77,119.75,0.54,1717.00,26.89,4.00,16.00,0.01,15.28,13.93,12.00,-36.88,0.00
155.639,217.40,200.77,119.75,0.54,1717.00,26.89,4.00,16.00,0.01,15.28,13.93,12.00,-36.88,0.00
155.820,217.40,200.77,119.75,0.54,1717.00,26.89,4.00,16.00,0.01,15.28,13.93,12.00,-36.88,0.00
155.969,217.40,200.77,119.75,0.54,1594.00,26.89,4.00,16.00,0.01,15.28,13.93,12.00,-36.88,0.00
156.120,217.40,200.77,119.75,0.54,1594.00,24.92,4.00,16.00,0.01,15.28,13.93,12.00,-36.88,0.00
156.269,217.40,200.77,119.75,0.54,1594.00,24.92,4.00,16.00,0.01,15.28,13.93,12.00,-36.88,0.00
156.420,217.40,200.77,119.75,0.54,1594.00,24.92,4.00,16.00,0.01,15.28,13.93,12.00,-36.88,0.00
156.569,217.40,200.77,119.75,0.54,1594.00,24.92,4.00,16.00,0.00,15.28,13.93,12.00,-36.88,0.00
156.720,217.40,200.77,119.75,0.54,1594.00,24.92,4.00,16.00,0.00,15.22,13.93,12.00,-36.88,0.00
156.870,217.40,200.77,119.75,0.54,1594.00,24.92,4.00,16.00,0.00,15.22,13.99,12.00,-36.88,0.00
157.020,217.40,200.77,119.75,0.54,1594.00,24.92,4.00,16.00,0.00,15.22,13.99,12.00,-36.88,0.00
157.169,217.40,200.77,119.75,0.54,1594.00,24.92,4.00,16.00,0.00,15.22,13.99,12.00,-36.88,0.00
157.320,217.40,200.77,119.75,0.54,1594.00,24.92,4.00,16.00,0.00,15.22,13.99,12.00,-36.88,0.00
157.470,215.60,200.77,119.75,0.54,1594.00,24.92,4.00,16.00,0.00,15.22,13.99,12.00,-36.88,0.00
157.621,215.60,199.33,119.75,0.54,1594.00,24.92,4.00,16.00,0.00,15.22,13.99,12.00,-36.88,0.00
157.769,215.60,199.33,121.10,0.54,1594.00,24.92,4.00,16.00,0.00,15.22,13.99,12.00,-36.88,0.00
157.920,215.60,199.33,121.10,0.41,1594.00,24.92,4.00,16.00,0.00,15.22,13.99,12.00,-36.88,0.00
158.069,215.60,199.33,121.10,0.41,1430.00,24.92,4.00,16.00,0.00,15.22,13.99,12.00,-36.88,0.00
158.220,215.60,199.33,121.10,0.41,1430.00,22.13,4.00,16.00,0.00,15.22,13.99,12.00,-36.88,0.00
158.399,215.60,199.33,121.10,0.41,1430.00,22.13,3.00,16.00,0.00,15.22,13.99,12.00,-36.88,0.00
158.549,215.60,199.33,121.10,0.41,1430.00,22.13,3.00,1.22,0.00,15.22,13.99,12.00,-36.88,0.00
158.699,215.60,199.33,121.10,0.41,1430.00,22.13,3.00,1.22,0.00,15.22,13.99,12.00,-36.88,0.00
158.849,215.60,199.33,121.10,0.41,1430.00,22.13,3.00,1.22,0.00,15.16,13.99,12.00,-36.88,0.00
158.999,215.60,199.33,121.10,0.41,1430.00,22.13,3.00,1.22,0.00,15.16,13.97,12.00,-36.88,0.00
159.150,215.60,199.33,121.10,0.41,1430.00,22.13,3.00,1.22,0.00,15.16,13.97,12.00,-36.88,0.00
159.299,215.60,199.33,121.10,0.41,1430.00,22.13,3.00,1.22,0.00,15.16,13.97,12.00,-36.88,0.00
159.449,215.60,199.33,121.10,0.41,1430.00,22.13,3.00,1.22,0.00,15.16,13.97,12.00,-36.88,0.00
159.599,215.60,199.33,121.10,0.41,1430.00,22.13,3.00,1.22,0.00,15.16,13.97,12.00,-36.88,0.00
159.779,215.60,197.89,121.10,0.41,1430.00,22.13,3.00,1.22,0.00,15.16,13.97,12.00,-36.88,0.00
159.929,215.60,197.89,121.10,0.41,1430.00,22.13,3.00,1.22,0.00,15.16,13.97,12.00,-36.88,0.00
160.079,215.60,197.89,121.10,0.24,1430.00,22.13,3.00,1.22,0.00,15.16,13.97,12.00,-36.88,0.00
160.229,215.60,197.89,121.10,0.24,1237.00,22.13,3.00,1.22,0.00,15.16,13.97,12.00,-36.88,0.00
160.379,215.60,197.89,121.10,0.24,1237.00,14.90,3.00,1.22,0.00,15.16,13.97,12.00,-36.88,0.00
160.529,215.60,197.89,121.10,0.24,1237.00,14.90,2.00,1.22,0.00,15.16,13.97,12.00,-36.88,0.00
160.679,215.60,197.89,121.10,0.24,1237.00,14.90,2.00,1.07,0.00,15.16,13.97,12.00,-36.88,0.00
160.829,215.60,197.89,121.10,0.24,1237.00,14.90,2.00,1.07,0.01,15.16,13.97,12.00,-36.88,0.00
160.979,215.60,197.89,121.10,0.24,1237.00,14.90,2.00,1.07,0.01,14.97,13.97,12.00,-36.88,0.00
161.129,215.60,197.89,121.10,0.24,1237.00,14.90,2.00,1.07,0.01,14.97,14.43,12.00,-36.88,0.00
161.279,215.60,197.89,121.10,0.24,1237.00,14.90,2.00,1.07,0.01,14.97,14.43,12.00,-36.88,0.00
161.429,215.60,197.89,121.10,0.24,1237.00,14.90,2.00,1.07,0.01,14.97,14.43,12.00,-36.88,0.00
161.579,215.60,197.89,121.10,0.24,1237.00,14.90,2.00,1.07,0.01,14.97,14.43,12.00,-36.88,0.00
161.729,215.60,197.89,121.10,0.24,1237.00,14.90,2.00,1.07,0.01,14.97,14.43,12.00,-36.88,0.00
161.879,215.60,196.09,121.10,0.24,1237.00,14.90,2.00,1.07,0.01,14.97,14.43,12.00,-36.88,0.00
162.029,215.60,196.09,121.10,0.24,1237.00,14.90,2.00,1.07,0.01,14.97,14.43,12.00,-36.88,0.00
162.209,215.60,196.09,121.10,0.23,1237.00,14.90,2.00,1.07,0.01,14.97,14.43,12.00,-36.88,0.00
162.359,215.60,196.09,121.10,0.23,1076.00,14.90,2.00,1.07,0.01,14.97,14.43,12.00,-36.88,0.00
162.509,215.60,196.09,121.10,0.23,1076.00,8.03,2.00,1.07,0.01,14.97,14.43,12.00,-36.88,0.00
162.659,215.60,196.09,121.10,0.23,1076.00,8.03,2.00,1.07,0.01,14.97,14.43,12.00,-36.88,0.00
162.809,215.60,196.09,121.10,0.23,1076.00,8.03,2.00,0.92,0.01,14.97,14.43,12.00,-36.88,0.00
162.959,215.60,196.09,121.10,0.23,1076.00,8.03,2.00,0.92,0.00,14.97,14.43,12.00,-36.88,0.00
163.109,215.60,196.09,121.10,0.23,1076.00,8.03,2.00,0.92,0.00,14.91,14.43,12.00,-36.88,0.00
163.260,215.60,196.09,121.10,0.23,1076.00,8.03,2.00,0.92,0.00,14.91,13.96,12.00,-36.88,0.00
163.409,215.60,196.09,121.10,0.23,1076.00,8.03,2.00,0.92,0.00,14.91,13.96,8.00,-36.88,0.00
163.559,215.60,196.09,121.10,0.23,1076.00,8.03,2.00,0.92,0.00,14.91,13.96,8.00,-5.90,0.00
163.709,215.60,196.09,121.10,0.23,1076.00,8.03,2.00,0.92,0.00,14.91,13.96,8.00,-5.90,0.00
163.859,215.60,196.09,121.10,0.23,1076.00,8.03,2.00,0.92,0.00,14.91,13.96,8.00,-5.90,0.00
164.009,215.60,194.65,121.10,0.23,1076.00,8.03,2.00,0.92,0.00,14.91,13.96,8.00,-5.90,0.00
164.159,215.60,194.65,122.45,0.23,1076.00,8.03,2.00,0.92,0.00,14.91,13.96,8.00,-5.90,0.00
164.309,215.60,194.65,122.45,0.10,1076.00,8.03,2.00,0.92,0.00,14.91,13.96,8.00,-5.90,0.00
164.459,215.60,194.65,122.45,0.10,715.50,8.03,2.00,0.92,0.00,14.91,13.96,8.00,-5.90,0.00
164.609,215.60,194.65,122.45,0.10,715.50,2.42,2.00,0.92,0.00,14.91,13.96,8.00,-5.90,0.00
164.759,215.60,194.65,122.45,0.10,715.50,2.42,1.00,0.92,0.00,14.91,13.96,8.00,-5.90,0.00
164.909,215.60,194.65,122.45,0.10,715.50,2.42,1.00,0.90,0.00,14.91,13.96,8.00,-5.90,0.00
165.059,215.60,194.65,122.45,0.10,715.50,2.42,1.00,0.90,0.00,14.91,13.96,8.00,-5.90,0.00
165.209,215.60,194.65,122.45,0.10,715.50,2.42,1.00,0.90,0.00,14.85,13.96,8.00,-5.90,0.00
165.359,215.60,194.65,122.45,0.10,715.50,2.42,1.00,0.90,0.00,14.85,14.00,8.00,-5.90,0.00
165.509,215.60,194.65,122.45,0.10,715.50,2.42,1.00,0.90,0.00,14.85,14.00,8.00,-5.90,0.00
165.659,215.60,194.65,122.45,0.10,715.50,2.42,1.00,0.90,0.00,14.85,14.00,8.00,74.49,0.00
165.809,215.60,194.65,122.45,0.10,715.50,2.42,1.00,0.90,0.00,14.85,14.00,8.00,74.49,8.28
165.959,215.60,194.65,122.45,0.10,715.50,2.42,1.00,0.90,0.00,14.85,14.00,8.00,74.49,8.28
166.109,215.60,193.57,122.45,0.10,715.50,2.42,1.00,0.90,0.00,14.85,14.00,8.00,74.49,8.28
166.259,215.60,193.57,122.45,0.10,715.50,2.42,1.00,0.90,0.00,14.85,14.00,8.00,74.49,8.28
166.409,215.60,193.57,122.45,0.09,715.50,2.42,1.00,0.90,0.00,14.85,14.00,8.00,74.49,8.28
166.559,215.60,193.57,122.45,0.09,1292.50,2.42,1.00,0.90,0.00,14.85,14.00,8.00,74.49,8.28
166.709,215.60,193.57,122.45,0.09,1292.50,3.09,1.00,0.90,0.00,14.85,14.00,8.00,74.49,8.28
166.859,215.60,193.57,122.45,0.09,1292.50,3.09,1.00,0.90,0.00,14.85,14.00,8.00,74.49,8.28
167.009,215.60,193.57,122.45,0.09,1292.50,3.09,1.00,0.96,0.00,14.85,14.00,8.00,74.49,8.28
167.159,215.60,193.57,122.45,0.09,1292.50,3.09,1.00,0.96,0.02,14.85,14.00,8.00,74.49,8.28
167.339,215.60,193.57,122.45,0.09,1292.50,3.09,1.00,0.96,0.02,15.10,14.00,8.00,74.49,8.28
167.489,215.60,193.57,122.45,0.09,1292.50,3.09,1.00,0.96,0.02,15.10,14.04,8.00,74.49,8.28
167.639,215.60,193.57,122.45,0.09,1292.50,3.09,1.00,0.96,0.02,15.10,14.04,56.00,74.49,8.28
167.789,215.60,193.57,122.45,0.09,1292.50,3.09,1.00,0.96,0.02,15.10,14.04,56.00,1033.32,8.28
167.939,215.60,193.57,122.45,0.09,1292.50,3.09,1.00,0.96,0.02,15.10,14.04,56.00,1033.32,20.52
168.089,215.60,193.57,122.45,0.09,1292.50,3.09,1.00,0.96,0.02,15.10,14.04,56.00,1033.32,20.52
168.240,215.60,193.03,122.45,0.09,1292.50,3.09,1.00,0.96,0.02,15.10,14.04,56.00,1033.32,20.52
168.389,215.60,193.03,121.10,0.09,1292.50,3.09,1.00,0.96,0.02,15.10,14.04,56.00,1033.32,20.52
168.539,215.60,193.03,121.10,0.85,1292.50,3.09,1.00,0.96,0.02,15.10,14.04,56.00,1033.32,20.52
168.689,215.60,193.03,121.10,0.85,1767.00,3.09,1.00,0.96,0.02,15.10,14.04,56.00,1033.32,20.52
168.839,215.60,193.03,121.10,0.85,1767.00,9.49,1.00,0.96,0.02,15.10,14.04,56.00,1033.32,20.52
168.989,215.60,193.03,121.10,0.85,1767.00,9.49,1.00,0.96,0.02,15.10,14.04,56.00,1033.32,20.52
169.139,215.60,193.03,121.10,0.85,1767.00,9.49,1.00,0.98,0.02,15.10,14.04,56.00,1033.32,20.52
169.289,215.60,193.03,121.10,0.85,1767.00,9.49,1.00,0.98,0.01,15.10,14.04,56.00,1033.32,20.52
169.439,215.60,193.03,121.10,0.85,1767.00,9.49,1.00,0.98,0.01,15.47,14.04,56.00,1033.32,20.52
169.589,215.60,193.03,121.10,0.85,1767.00,9.49,1.00,0.98,0.01,15.47,14.01,56.00,1033.32,20.52
169.739,215.60,193.03,121.10,0.85,1767.00,9.49,1.00,0.98,0.01,15.47,14.01,40.00,1033.32,20.52
169.889,215.60,193.03,121.10,0.85,1767.00,9.49,1.00,0.98,0.01,15.47,14.01,40.00,411.56,20.52
170.039,215.60,193.03,121.10,0.85,1767.00,9.49,1.00,0.98,0.01,15.47,14.01,40.00,411.56,14.89
170.189,213.80,193.03,121.10,0.85,1767.00,9.49,1.00,0.98,0.01,15.47,14.01,40.00,411.56,14.89
170.339,213.80,191.77,121.10,0.85,1767.00,9.49,1.00,0.98,0.01,15.47,14.01,40.00,411.56,14.89
170.489,213.80,191.77,121.10,0.85,1767.00,9.49,1.00,0.98,0.01,15.47,14.01,40.00,411.56,14.89
170.639,213.80,191.77,121.10,0.72,1767.00,9.49,1.00,0.98,0.01,15.47,14.01,40.00,411.56,14.89
170.789,213.80,191.77,121.10,0.72,2276.50,9.49,1.00,0.98,0.01,15.47,14.01,40.00,411.56,14.89
170.939,213.80,191.77,121.10,0.72,2276.50,11.72,1.00,0.98,0.01,15.47,14.01,40.00,411.56,14.89
171.089,213.80,191.77,121.10,0.72,2276.50,11.72,1.00,0.98,0.01,15.47,14.01,40.00,411.56,14.89
171.239,213.80,191.77,121.10,0.72,2276.50,11.72,1.00,0.99,0.01,15.47,14.01,40.00,411.56,14.89
171.389,213.80,191.77,121.10,0.72,2276.50,11.72,1.00,0.99,0.03,15.47,14.01,40.00,411.56,14.89
171.539,213.80,191.77,121.10,0.72,2276.50,11.72,1.00,0.99,0.03,15.90,14.01,40.00,411.56,14.89
171.689,213.80,191.77,121.10,0.72,2276.50,11.72,1.00,0.99,0.03,15.90,15.70,40.00,411.56,14.89
171.839,213.80,191.77,121.10,0.72,2276.50,11.72,1.00,0.99,0.03,15.90,15.70,220.00,411.56,14.89
171.989,213.80,191.77,121.10,0.72,2276.50,11.72,1.00,0.99,0.03,15.90,15.70,220.00,2027.56,14.89
172.139,213.80,191.77,121.10,0.72,2276.50,11.72,1.00,0.99,0.03,15.90,15.70,220.00,2027.56,45.52
172.289,213.80,191.77,121.10,0.72,2276.50,11.72,1.00,0.99,0.03,15.90,15.70,220.00,2027.56,45.52
172.439,213.80,189.07,121.10,0.72,2276.50,11.72,1.00,0.99,0.03,15.90,15.70,220.00,2027.56,45.52
172.589,213.80,189.07,118.40,0.72,2276.50,11.72,1.00,0.99,0.03,15.90,15.70,220.00,2027.56,45.52
172.739,213.80,189.07,118.40,8.08,2276.50,11.72,1.00,0.99,0.03,15.90,15.70,220.00,2027.56,45.52
172.889,213.80,189.07,118.40,8.08,4758.50,11.72,1.00,0.99,0.03,15.90,15.70,220.00,2027.56,45.52
173.039,213.80,189.07,118.40,8.08,4758.50,24.88,1.00,0.99,0.03,15.90,15.70,220.00,2027.56,45.52
173.189,213.80,189.07,118.40,8.08,4758.50,24.88,1.00,0.99,0.03,15.90,15.70,220.00,2027.56,45.52
173.341,213.80,189.07,118.40,8.08,4758.50,24.88,1.00,0.82,0.03,15.90,15.70,220.00,2027.56,45.52
173.489,213.80,189.07,118.40,8.08,4758.50,24.88,1.00,0.82,18.02,15.90,15.70,220.00,2027.56,45.52
173.639,213.80,189.07,118.40,8.08,4758.50,24.88,1.00,0.82,18.02,33.25,15.70,220.00,2027.56,45.52
173.789,213.80,189.07,118.40,8.08,4758.50,24.88,1.00,0.82,18.02,33.25,28.47,220.00,2027.56,45.52
173.939,213.80,189.07,118.40,8.08,4758.50,24.88,1.00,0.82,18.02,33.25,28.47,672.00,2027.56,45.52
174.089,213.80,189.07,118.40,8.08,4758.50,24.88,1.00,0.82,18.02,33.25,28.47,672.00,3344.84,45.52
174.239,213.80,189.07,118.40,8.08,4758.50,24.88,1.00,0.82,18.02,33.25,28.47,672.00,3344.84,64.89
174.389,215.60,189.07,118.40,8.08,4758.50,24.88,1.00,0.82,18.02,33.25,28.47,672.00,3344.84,64.89
174.539,215.60,187.63,118.40,8.08,4758.50,24.88,1.00,0.82,18.02,33.25,28.47,672.00,3344.84,64.89
174.689,215.60,187.63,114.35,8.08,4758.50,24.88,1.00,0.82,18.02,33.25,28.47,672.00,3344.84,64.89
174.839,215.60,187.63,114.35,19.78,4758.50,24.88,1.00,0.82,18.02,33.25,28.47,672.00,3344.84,64.89
175.020,215.60,187.63,114.35,19.78,5738.00,24.88,1.00,0.82,18.02,33.25,28.47,672.00,3344.84,64.89
175.169,215.60,187.63,114.35,19.78,5738.00,46.21,1.00,0.82,18.02,33.25,28.47,672.00,3344.84,64.89
175.322,215.60,187.63,114.35,19.78,5738.00,46.21,3.00,0.82,18.02,33.25,28.47,672.00,3344.84,64.89
175.469,215.60,187.63,114.35,19.78,5738.00,46.21,3.00,1.11,18.02,33.25,28.47,672.00,3344.84,64.89
175.621,215.60,187.63,114.35,19.78,5738.00,46.21,3.00,1.11,0.46,33.25,28.47,672.00,3344.84,64.89
175.769,215.60,187.63,114.35,19.78,5738.00,46.21,3.00,1.11,0.46,24.58,28.47,672.00,3344.84,64.89
175.922,215.60,187.63,114.35,19.78,5738.00,46.21,3.00,1.11,0.46,24.58,15.43,672.00,3344.84,64.89
176.069,215.60,187.63,114.35,19.78,5738.00,46.21,3.00,1.11,0.46,24.58,15.43,44.00,3344.84,64.89
176.221,215.60,187.63,114.35,19.78,5738.00,46.21,3.00,1.11,0.46,24.58,15.43,44.00,629.88,64.89
176.369,215.60,187.63,114.35,19.78,5738.00,46.21,3.00,1.11,0.46,24.58,15.43,44.00,629.88,0.00
176.521,219.20,187.63,114.35,19.78,5738.00,46.21,3.00,1.11,0.46,24.58,15.43,44.00,629.88,0.00
176.669,219.20,188.35,114.35,19.78,5738.00,46.21,3.00,1.11,0.46,24.58,15.43,44.00,629.88,0.00
176.821,219.20,188.35,114.35,19.78,5738.00,46.21,3.00,1.11,0.46,24.58,15.43,44.00,629.88,0.00
176.969,219.20,188.35,114.35,1.84,5738.00,46.21,3.00,1.11,0.46,24.58,15.43,44.00,629.88,0.00
177.122,219.20,188.35,114.35,1.84,3888.50,46.21,3.00,1.11,0.46,24.58,15.43,44.00,629.88,0.00
177.269,219.20,188.35,114.35,1.84,3888.50,47.96,3.00,1.11,0.46,24.58,15.43,44.00,629.88,0.00
177.421,219.20,188.35,114.35,1.84,3888.50,47.96,3.00,1.11,0.46,24.58,15.43,44.00,629.88,0.00
177.569,219.20,188.35,114.35,1.84,3888.50,47.96,3.00,0.97,0.46,24.58,15.43,44.00,629.88,0.00
177.722,219.20,188.35,114.35,1.84,3888.50,47.96,3.00,0.97,0.01,24.58,15.43,44.00,629.88,0.00
177.869,219.20,188.35,114.35,1.84,3888.50,47.96,3.00,0.97,0.01,15.84,15.43,44.00,629.88,0.00
178.022,219.20,188.35,114.35,1.84,3888.50,47.96,3.00,0.97,0.01,15.84,13.98,44.00,629.88,0.00
178.169,219.20,188.35,114.35,1.84,3888.50,47.96,3.00,0.97,0.01,15.84,13.98,36.00,629.88,0.00
178.320,219.20,188.35,114.35,1.84,3888.50,47.96,3.00,0.97,0.01,15.84,13.98,36.00,-36.14,0.00
178.471,219.20,188.35,114.35,1.84,3888.50,47.96,3.00,0.97,0.01,15.84,13.98,36.00,-36.14,0.00
178.622,217.40,188.35,114.35,1.84,3888.50,47.96,3.00,0.97,0.01,15.84,13.98,36.00,-36.14,0.00
178.889,217.40,189.61,114.35,1.84,3888.50,47.96,3.00,0.97,0.01,15.84,13.98,36.00,-36.14,0.00
179.039,217.40,189.61,115.70,1.84,3888.50,47.96,3.00,0.97,0.01,15.84,13.98,36.00,-36.14,0.00
179.189,217.40,189.61,115.70,1.23,3888.50,47.96,3.00,0.97,0.01,15.84,13.98,36.00,-36.14,0.00
179.339,217.40,189.61,115.70,1.23,3089.00,47.96,3.00,0.97,0.01,15.84,13.98,36.00,-36.14,0.00
179.489,217.40,189.61,115.70,1.23,3089.00,37.42,3.00,0.97,0.01,15.84,13.98,36.00,-36.14,0.00
179.639,217.40,189.61,115.70,1.23,3089.00,37.42,3.00,0.97,0.01,15.84,13.98,36.00,-36.14,0.00
179.789,217.40,189.61,115.70,1.23,3089.00,37.42,3.00,16.00,0.01,15.84,13.98,36.00,-36.14,0.00
179.939,217.40,189.61,115.70,1.23,3089.00,37.42,3.00,16.00,0.01,15.84,13.98,36.00,-36.14,0.00
180.089,217.40,189.61,115.70,1.23,3089.00,37.42,3.00,16.00,0.01,15.78,13.98,36.00,-36.14,0.00
180.240,217.40,189.61,115.70,1.23,3089.00,37.42,3.00,16.00,0.01,15.78,14.18,36.00,-36.14,0.00
180.389,217.40,189.61,115.70,1.23,3089.00,37.42,3.00,16.00,0.01,15.78,14.18,144.00,-36.14,0.00
180.539,217.40,189.61,115.70,1.23,3089.00,37.42,3.00,16.00,0.01,15.78,14.18,144.00,-36.88,0.00
180.689,217.40,189.61,115.70,1.23,3089.00,37.42,3.00,16.00,0.01,15.78,14.18,144.00,-36.88,0.00
180.839,217.40,189.61,115.70,1.23,3089.00,37.42,3.00,16.00,0.01,15.78,14.18,144.00,-36.88,0.00
180.989,217.40,190.33,115.70,1.23,3089.00,37.42,3.00,16.00,0.01,15.78,14.18,144.00,-36.88,0.00
181.139,217.40,190.33,117.05,1.23,3089.00,37.42,3.00,16.00,0.01,15.78,14.18,144.00,-36.88,0.00
181.289,217.40,190.33,117.05,2.75,3089.00,37.42,3.00,16.00,0.01,15.78,14.18,144.00,-36.88,0.00
181.439,217.40,190.33,117.05,2.75,2857.50,37.42,3.00,16.00,0.01,15.78,14.18,144.00,-36.88,0.00
181.589,217.40,190.33,117.05,2.75,2857.50,21.46,3.00,16.00,0.01,15.78,14.18,144.00,-36.88,0.00
181.739,217.40,190.33,117.05,2.75,2857.50,21.46,2.00,16.00,0.01,15.78,14.18,144.00,-36.88,0.00
181.890,217.40,190.33,117.05,2.75,2857.50,21.46,2.00,0.93,0.01,15.78,14.18,144.00,-36.88,0.00
182.039,217.40,190.33,117.05,2.75,2857.50,21.46,2.00,0.93,0.01,15.78,14.18,144.00,-36.88,0.00
182.222,217.40,190.33,117.05,2.75,2857.50,21.46,2.00,0.93,0.01,15.90,14.18,144.00,-36.88,0.00
182.400,217.40,190.33,117.05,2.75,2857.50,21.46,2.00,0.93,0.01,15.90,14.11,144.00,-36.88,0.00
182.549,217.40,190.33,117.05,2.75,2857.50,21.46,2.00,0.93,0.01,15.90,14.11,84.00,-36.88,0.00
182.699,217.40,190.33,117.05,2.75,2857.50,21.46,2.00,0.93,0.01,15.90,14.11,84.00,-36.88,0.00
182.849,217.40,190.33,117.05,2.75,2857.50,21.46,2.00,0.93,0.01,15.90,14.11,84.00,-36.88,0.00
183.000,217.40,190.33,117.05,2.75,2857.50,21.46,2.00,0.93,0.01,15.90,14.11,84.00,-36.88,0.00
183.149,217.40,190.51,117.05,2.75,2857.50,21.46,2.00,0.93,0.01,15.90,14.11,84.00,-36.88,0.00
183.329,217.40,190.51,118.40,2.75,2857.50,21.46,2.00,0.93,0.01,15.90,14.11,84.00,-36.88,0.00
183.509,217.40,190.51,118.40,0.79,2857.50,21.46,2.00,0.93,0.01,15.90,14.11,84.00,-36.88,0.00
183.689,217.40,190.51,118.40,0.79,1795.00,21.46,2.00,0.93,0.01,15.90,14.11,84.00,-36.88,0.00
183.839,217.40,190.51,118.40,0.79,1795.00,9.10,2.00,0.93,0.01,15.90,14.11,84.00,-36.88,0.00
183.989,217.40,190.51,118.40,0.79,1795.00,9.10,1.00,0.93,0.01,15.90,14.11,84.00,-36.88,0.00
184.139,217.40,190.51,118.40,0.79,1795.00,9.10,1.00,0.85,0.01,15.90,14.11,84.00,-36.88,0.00
184.289,217.40,190.51,118.40,0.79,1795.00,9.10,1.00,0.85,0.01,15.90,14.11,84.00,-36.88,0.00
184.439,217.40,190.51,118.40,0.79,1795.00,9.10,1.00,0.85,0.01,15.28,14.11,84.00,-36.88,0.00
184.589,217.40,190.51,118.40,0.79,1795.00,9.10,1.00,0.85,0.01,15.28,14.00,84.00,-36.88,0.00
184.739,217.40,190.51,118.40,0.79,1795.00,9.10,1.00,0.85,0.01,15.28,14.00,48.00,-36.88,0.00
184.889,217.40,190.51,118.40,0.79,1795.00,9.10,1.00,0.85,0.01,15.28,14.00,48.00,604.06,0.00
185.039,217.40,190.51,118.40,0.79,1795.00,9.10,1.00,0.85,0.01,15.28,14.00,48.00,604.06,25.16
185.189,215.60,190.51,118.40,0.79,1795.00,9.10,1.00,0.85,0.01,15.28,14.00,48.00,604.06,25.16
185.369,215.60,190.69,118.40,0.79,1795.00,9.10,1.00,0.85,0.01,15.28,14.00,48.00,604.06,25.16
185.521,215.60,190.69,118.40,0.79,1795.00,9.10,1.00,0.85,0.01,15.28,14.00,48.00,604.06,25.16
185.699,215.60,190.69,118.40,1.19,1795.00,9.10,1.00,0.85,0.01,15.28,14.00,48.00,604.06,25.16
185.850,215.60,190.69,118.40,1.19,2563.00,9.10,1.00,0.85,0.01,15.28,14.00,48.00,604.06,25.16
185.999,215.60,190.69,118.40,1.19,2563.00,13.60,1.00,0.85,0.01,15.28,14.00,48.00,604.06,25.16
186.149,215.60,190.69,118.40,1.19,2563.00,13.60,1.00,0.85,0.01,15.28,14.00,48.00,604.06,25.16
186.300,215.60,190.69,118.40,1.19,2563.00,13.60,1.00,0.97,0.01,15.28,14.00,48.00,604.06,25.16
186.480,215.60,190.69,118.40,1.19,2563.00,13.60,1.00,0.97,0.15,15.28,14.00,48.00,604.06,25.16
186.659,215.60,190.69,118.40,1.19,2563.00,13.60,1.00,0.97,0.15,17.76,14.00,48.00,604.06,25.16
186.809,215.60,190.69,118.40,1.19,2563.00,13.60,1.00,0.97,0.15,17.76,14.29,48.00,604.06,25.16
186.959,215.60,190.69,118.40,1.19,2563.00,13.60,1.00,0.97,0.15,17.76,14.29,180.00,604.06,25.16
187.109,215.60,190.69,118.40,1.19,2563.00,13.60,1.00,0.97,0.15,17.76,14.29,180.00,1347.53,25.16
187.260,215.60,190.69,118.40,1.19,2563.00,13.60,1.00,0.97,0.15,17.76,14.29,180.00,1347.53,32.78
187.410,215.60,190.69,118.40,1.19,2563.00,13.60,1.00,0.97,0.15,17.76,14.29,180.00,1347.53,32.78
187.559,215.60,190.87,118.40,1.19,2563.00,13.60,1.00,0.97,0.15,17.76,14.29,180.00,1347.53,32.78
187.709,215.60,190.87,117.05,1.19,2563.00,13.60,1.00,0.97,0.15,17.76,14.29,180.00,1347.53,32.78
187.860,215.60,190.87,117.05,3.87,2563.00,13.60,1.00,0.97,0.15,17.76,14.29,180.00,1347.53,32.78
188.009,215.60,190.87,117.05,3.87,2798.00,13.60,1.00,0.97,0.15,17.76,14.29,180.00,1347.53,32.78
188.160,215.60,190.87,117.05,3.87,2798.00,22.61,1.00,0.97,0.15,17.76,14.29,180.00,1347.53,32.78
188.309,215.60,190.87,117.05,3.87,2798.00,22.61,2.00,0.97,0.15,17.76,14.29,180.00,1347.53,32.78
188.459,215.60,190.87,117.05,3.87,2798.00,22.61,2.00,1.03,0.15,17.76,14.29,180.00,1347.53,32.78
188.609,215.60,190.87,117.05,3.87,2798.00,22.61,2.00,1.03,0.13,17.76,14.29,180.00,1347.53,32.78
188.759,215.60,190.87,117.05,3.87,2798.00,22.61,2.00,1.03,0.13,18.26,14.29,180.00,1347.53,32.78
188.909,215.60,190.87,117.05,3.87,2798.00,22.61,2.00,1.03,0.13,18.26,14.29,180.00,1347.53,32.78
189.089,215.60,190.87,117.05,3.87,2798.00,22.61,2.00,1.03,0.13,18.26,14.29,168.00,1347.53,32.78
189.239,215.60,190.87,117.05,3.87,2798.00,22.61,2.00,1.03,0.13,18.26,14.29,168.00,820.91,32.78
189.389,215.60,190.87,117.05,3.87,2798.00,22.61,2.00,1.03,0.13,18.26,14.29,168.00,820.91,25.16
189.539,215.60,190.87,117.05,3.87,2798.00,22.61,2.00,1.03,0.13,18.26,14.29,168.00,820.91,25.16
189.689,215.60,190.87,117.05,3.87,2798.00,22.61,2.00,1.03,0.13,18.26,14.29,168.00,820.91,25.16
189.839,215.60,190.87,115.70,3.87,2798.00,22.61,2.00,1.03,0.13,18.26,14.29,168.00,820.91,25.16
189.989,215.60,190.87,115.70,4.98,2798.00,22.61,2.00,1.03,0.13,18.26,14.29,168.00,820.91,25.16
190.139,215.60,190.87,115.70,4.98,2402.50,22.61,2.00,1.03,0.13,18.26,14.29,168.00,820.91,25.16
190.289,215.60,190.87,115.70,4.98,2402.50,29.56,2.00,1.03,0.13,18.26,14.29,168.00,820.91,25.16
190.439,215.60,190.87,115.70,4.98,2402.50,29.56,3.00,1.03,0.13,18.26,14.29,168.00,820.91,25.16
190.589,215.60,190.87,115.70,4.98,2402.50,29.56,3.00,0.99,0.13,18.26,14.29,168.00,820.91,25.16
190.739,215.60,190.87,115.70,4.98,2402.50,29.56,3.00,0.99,0.03,18.26,14.29,168.00,820.91,25.16
190.889,215.60,190.87,115.70,4.98,2402.50,29.56,3.00,0.99,0.03,18.32,14.29,168.00,820.91,25.16
191.039,215.60,190.87,115.70,4.98,2402.50,29.56,3.00,0.99,0.03,18.32,14.44,168.00,820.91,25.16
191.189,215.60,190.87,115.70,4.98,2402.50,29.56,3.00,0.99,0.03,18.32,14.44,76.00,820.91,25.16
191.339,215.60,190.87,115.70,4.98,2402.50,29.56,3.00,0.99,0.03,18.32,14.44,76.00,420.41,25.16
191.489,215.60,190.87,115.70,4.98,2402.50,29.56,3.00,0.99,0.03,18.32,14.44,76.00,420.41,13.57
191.639,213.80,190.87,115.70,4.98,2402.50,29.56,3.00,0.99,0.03,18.32,14.44,76.00,420.41,13.57
191.789,213.80,191.41,115.70,4.98,2402.50,29.56,3.00,0.99,0.03,18.32,14.44,76.00,420.41,13.57
191.939,213.80,191.41,115.70,4.98,2402.50,29.56,3.00,0.99,0.03,18.32,14.44,76.00,420.41,13.57
192.090,213.80,191.41,115.70,1.88,2402.50,29.56,3.00,0.99,0.03,18.32,14.44,76.00,420.41,13.57
192.240,213.80,191.41,115.70,1.88,2305.00,29.56,3.00,0.99,0.03,18.32,14.44,76.00,420.41,13.57
192.389,213.80,191.41,115.70,1.88,2305.00,31.99,3.00,0.99,0.03,18.32,14.44,76.00,420.41,13.57
192.539,213.80,191.41,115.70,1.88,2305.00,31.99,4.00,0.99,0.03,18.32,14.44,76.00,420.41,13.57
192.689,213.80,191.41,115.70,1.88,2305.00,31.99,4.00,1.02,0.03,18.32,14.44,76.00,420.41,13.57
192.839,213.80,191.41,115.70,1.88,2305.00,31.99,4.00,1.02,0.01,18.32,14.44,76.00,420.41,13.57
192.990,213.80,191.41,115.70,1.88,2305.00,31.99,4.00,1.02,0.01,15.65,14.44,76.00,420.41,13.57
193.139,213.80,191.41,115.70,1.88,2305.00,31.99,4.00,1.02,0.01,15.65,14.05,76.00,420.41,13.57
193.289,213.80,191.41,115.70,1.88,2305.00,31.99,4.00,1.02,0.01,15.65,14.05,16.00,420.41,13.57
193.439,213.80,191.41,115.70,1.88,2305.00,31.99,4.00,1.02,0.01,15.65,14.05,16.00,-25.81,13.57
193.589,213.80,191.41,115.70,1.88,2305.00,31.99,4.00,1.02,0.01,15.65,14.05,16.00,-25.81,0.00
193.739,213.80,191.41,115.70,1.88,2305.00,31.99,4.00,1.02,0.01,15.65,14.05,16.00,-25.81,0.00
193.889,213.80,192.13,115.70,1.88,2305.00,31.99,4.00,1.02,0.01,15.65,14.05,16.00,-25.81,0.00
194.039,213.80,192.13,117.05,1.88,2305.00,31.99,4.00,1.02,0.01,15.65,14.05,16.00,-25.81,0.00
194.222,213.80,192.13,117.05,0.48,2305.00,31.99,4.00,1.02,0.01,15.65,14.05,16.00,-25.81,0.00
194.370,213.80,192.13,117.05,0.48,1949.00,31.99,4.00,1.02,0.01,15.65,14.05,16.00,-25.81,0.00
194.520,213.80,192.13,117.05,0.48,1949.00,30.19,4.00,1.02,0.01,15.65,14.05,16.00,-25.81,0.00
194.669,213.80,192.13,117.05,0.48,1949.00,30.19,4.00,1.02,0.01,15.65,14.05,16.00,-25.81,0.00
194.821,213.80,192.13,117.05,0.48,1949.00,30.19,4.00,1.49,0.01,15.65,14.05,16.00,-25.81,0.00
194.970,213.80,192.13,117.05,0.48,1949.00,30.19,4.00,1.49,0.01,15.65,14.05,16.00,-25.81,0.00
195.122,213.80,192.13,117.05,0.48,1949.00,30.19,4.00,1.49,0.01,15.22,14.05,16.00,-25.81,0.00
195.299,213.80,192.13,117.05,0.48,1949.00,30.19,4.00,1.49,0.01,15.22,14.09,16.00,-25.81,0.00
195.449,213.80,192.13,117.05,0.48,1949.00,30.19,4.00,1.49,0.01,15.22,14.09,16.00,-25.81,0.00
195.599,213.80,192.13,117.05,0.48,1949.00,30.19,4.00,1.49,0.01,15.22,14.09,16.00,-36.88,0.00
195.749,213.80,192.13,117.05,0.48,1949.00,30.19,4.00,1.49,0.01,15.22,14.09,16.00,-36.88,0.00
195.899,213.80,192.13,117.05,0.48,1949.00,30.19,4.00,1.49,0.01,15.22,14.09,16.00,-36.88,0.00
196.050,213.80,192.13,117.05,0.48,1949.00,30.19,4.00,1.49,0.01,15.22,14.09,16.00,-36.88,0.00
196.199,213.80,192.13,118.40,0.48,1949.00,30.19,4.00,1.49,0.01,15.22,14.09,16.00,-36.88,0.00
196.349,213.80,192.13,118.40,0.52,1949.00,30.19,4.00,1.49,0.01,15.22,14.09,16.00,-36.88,0.00
196.499,213.80,192.13,118.40,0.52,1795.00,30.19,4.00,1.49,0.01,15.22,14.09,16.00,-36.88,0.00
196.649,213.80,192.13,118.40,0.52,1795.00,28.16,4.00,1.49,0.01,15.22,14.09,16.00,-36.88,0.00
196.799,213.80,192.13,118.40,0.52,1795.00,28.16,4.00,1.49,0.01,15.22,14.09,16.00,-36.88,0.00
196.949,213.80,192.13,118.40,0.52,1795.00,28.16,4.00,16.00,0.01,15.22,14.09,16.00,-36.88,0.00
197.099,213.80,192.13,118.40,0.52,1795.00,28.16,4.00,16.00,0.01,15.22,14.09,16.00,-36.88,0.00
197.279,213.80,192.13,118.40,0.52,1795.00,28.16,4.00,16.00,0.01,15.28,14.09,16.00,-36.88,0.00
197.429,213.80,192.13,118.40,0.52,1795.00,28.16,4.00,16.00,0.01,15.28,13.93,16.00,-36.88,0.00
197.580,213.80,192.13,118.40,0.52,1795.00,28.16,4.00,16.00,0.01,15.28,13.93,12.00,-36.88,0.00
197.730,213.80,192.13,118.40,0.52,1795.00,28.16,4.00,16.00,0.01,15.28,13.93,12.00,-36.88,0.00
197.880,213.80,192.13,118.40,0.52,1795.00,28.16,4.00,16.00,0.01,15.28,13.93,12.00,-36.88,0.00
198.059,213.80,192.13,118.40,0.52,1795.00,28.16,4.00,16.00,0.01,15.28,13.93,12.00,-36.88,0.00
198.209,213.80,191.77,118.40,0.52,1795.00,28.16,4.00,16.00,0.01,15.28,13.93,12.00,-36.88,0.00
198.360,213.80,191.77,119.75,0.52,1795.00,28.16,4.00,16.00,0.01,15.28,13.93,12.00,-36.88,0.00
198.509,213.80,191.77,119.75,0.48,1795.00,28.16,4.00,16.00,0.01,15.28,13.93,12.00,-36.88,0.00
198.659,213.80,191.77,119.75,0.48,1450.50,28.16,4.00,16.00,0.01,15.28,13.93,12.00,-36.88,0.00
198.809,213.80,191.77,119.75,0.48,1450.50,22.13,4.00,16.00,0.01,15.28,13.93,12.00,-36.88,0.00
198.959,213.80,191.77,119.75,0.48,1450.50,22.13,4.00,16.00,0.01,15.28,13.93,12.00,-36.88,0.00
199.110,213.80,191.77,119.75,0.48,1450.50,22.13,4.00,16.00,0.01,15.28,13.93,12.00,-36.88,0.00
199.259,213.80,191.77,119.75,0.48,1450.50,22.13,4.00,16.00,0.00,15.28,13.93,12.00,-36.88,0.00
199.409,213.80,191.77,119.75,0.48,1450.50,22.13,4.00,16.00,0.00,15.10,13.93,12.00,-36.88,0.00
199.559,213.80,191.77,119.75,0.48,1450.50,22.13,4.00,16.00,0.00,15.10,14.09,12.00,-36.88,0.00
199.739,213.80,191.77,119.75,0.48,1450.50,22.13,4.00,16.00,0.00,15.10,14.09,12.00,-36.88,0.00
199.889,213.80,191.77,119.75,0.48,1450.50,22.13,4.00,16.00,0.00,15.10,14.09,12.00,-36.88,0.00
200.042,213.80,191.77,119.75,0.48,1450.50,22.13,4.00,16.00,0.00,15.10,14.09,12.00,-36.88,0.00
200.189,212.00,191.77,119.75,0.48,1450.50,22.13,4.00,16.00,0.00,15.10,14.09,12.00,-36.88,0.00
200.339,212.00,190.87,119.75,0.48,1450.50,22.13,4.00,16.00,0.00,15.10,14.09,12.00,-36.88,0.00
200.489,212.00,190.87,121.10,0.48,1450.50,22.13,4.00,16.00,0.00,15.10,14.09,12.00,-36.88,0.00
200.640,212.00,190.87,121.10,0.27,1450.50,22.13,4.00,16.00,0.00,15.10,14.09,12.00,-36.88,0.00
200.789,212.00,190.87,121.10,0.27,1367.00,22.13,4.00,16.00,0.00,15.10,14.09,12.00,-36.88,0.00
200.939,212.00,190.87,121.10,0.27,1367.00,13.27,4.00,16.00,0.00,15.10,14.09,12.00,-36.88,0.00
201.119,212.00,190.87,121.10,0.27,1367.00,13.27,2.00,16.00,0.00,15.10,14.09,12.00,-36.88,0.00
201.269,212.00,190.87,121.10,0.27,1367.00,13.27,2.00,0.86,0.00,15.10,14.09,12.00,-36.88,0.00
201.421,212.00,190.87,121.10,0.27,1367.00,13.27,2.00,0.86,0.00,15.10,14.09,12.00,-36.88,0.00
201.570,212.00,190.87,121.10,0.27,1367.00,13.27,2.00,0.86,0.00,15.03,14.09,12.00,-36.88,0.00
201.722,212.00,190.87,121.10,0.27,1367.00,13.27,2.00,0.86,0.00,15.03,14.02,12.00,-36.88,0.00
201.899,212.00,190.87,121.10,0.27,1367.00,13.27,2.00,0.86,0.00,15.03,14.02,8.00,-36.88,0.00
202.049,212.00,190.87,121.10,0.27,1367.00,13.27,2.00,0.86,0.00,15.03,14.02,8.00,-36.88,0.00
202.230,212.00,190.87,121.10,0.27,1367.00,13.27,2.00,0.86,0.00,15.03,14.02,8.00,-36.88,0.00
202.379,212.00,190.87,121.10,0.27,1367.00,13.27,2.00,0.86,0.00,15.03,14.02,8.00,-36.88,0.00
202.529,212.00,190.15,121.10,0.27,1367.00,13.27,2.00,0.86,0.00,15.03,14.02,8.00,-36.88,0.00
202.679,212.00,190.15,121.10,0.27,1367.00,13.27,2.00,0.86,0.00,15.03,14.02,8.00,-36.88,0.00
202.829,212.00,190.15,121.10,0.23,1367.00,13.27,2.00,0.86,0.00,15.03,14.02,8.00,-36.88,0.00
202.980,212.00,190.15,121.10,0.23,1187.00,13.27,2.00,0.86,0.00,15.03,14.02,8.00,-36.88,0.00
203.130,212.00,190.15,121.10,0.23,1187.00,6.70,2.00,0.86,0.00,15.03,14.02,8.00,-36.88,0.00
203.280,212.00,190.15,121.10,0.23,1187.00,6.70,1.00,0.86,0.00,15.03,14.02,8.00,-36.88,0.00
203.429,212.00,190.15,121.10,0.23,1187.00,6.70,1.00,0.97,0.00,15.03,14.02,8.00,-36.88,0.00
203.579,212.00,190.15,121.10,0.23,1187.00,6.70,1.00,0.97,0.01,15.03,14.02,8.00,-36.88,0.00
203.730,212.00,190.15,121.10,0.23,1187.00,6.70,1.00,0.97,0.01,15.03,14.02,8.00,-36.88,0.00
203.910,212.00,190.15,121.10,0.23,1187.00,6.70,1.00,0.97,0.01,15.03,13.99,8.00,-36.88,0.00
204.059,212.00,190.15,121.10,0.23,1187.00,6.70,1.00,0.97,0.01,15.03,13.99,44.00,-36.88,0.00
204.209,212.00,190.15,121.10,0.23,1187.00,6.70,1.00,0.97,0.01,15.03,13.99,44.00,622.50,0.00
204.359,212.00,190.15,121.10,0.23,1187.00,6.70,1.00,0.97,0.01,15.03,13.99,44.00,622.50,17.54
204.509,212.00,190.15,121.10,0.23,1187.00,6.70,1.00,0.97,0.01,15.03,13.99,44.00,622.50,17.54
204.660,212.00,189.97,121.10,0.23,1187.00,6.70,1.00,0.97,0.01,15.03,13.99,44.00,622.50,17.54
204.809,212.00,189.97,121.10,0.23,1187.00,6.70,1.00,0.97,0.01,15.03,13.99,44.00,622.50,17.54
204.959,212.00,189.97,121.10,0.55,1187.00,6.70,1.00,0.97,0.01,15.03,13.99,44.00,622.50,17.54
205.139,212.00,189.97,121.10,0.55,1942.50,6.70,1.00,0.97,0.01,15.03,13.99,44.00,622.50,17.54
205.290,212.00,189.97,121.10,0.55,1942.50,10.38,1.00,0.97,0.01,15.03,13.99,44.00,622.50,17.54
205.439,212.00,189.97,121.10,0.55,1942.50,10.38,1.00,0.97,0.01,15.03,13.99,44.00,622.50,17.54
205.589,212.00,189.97,121.10,0.55,1942.50,10.38,1.00,0.98,0.01,15.03,13.99,44.00,622.50,17.54
205.740,212.00,189.97,121.10,0.55,1942.50,10.38,1.00,0.98,0.02,15.03,13.99,44.00,622.50,17.54
205.890,212.00,189.97,121.10,0.55,1942.50,10.38,1.00,0.98,0.02,15.59,13.99,44.00,622.50,17.54
206.039,212.00,189.97,121.10,0.55,1942.50,10.38,1.00,0.98,0.02,15.59,13.92,44.00,622.50,17.54
206.189,212.00,189.97,121.10,0.55,1942.50,10.38,1.00,0.98,0.02,15.59,13.92,80.00,622.50,17.54
206.340,212.00,189.97,121.10,0.55,1942.50,10.38,1.00,0.98,0.02,15.59,13.92,80.00,828.28,17.54
206.489,212.00,189.97,121.10,0.55,1942.50,10.38,1.00,0.98,0.02,15.59,13.92,80.00,828.28,24.83
206.640,212.00,189.97,121.10,0.55,1942.50,10.38,1.00,0.98,0.02,15.59,13.92,80.00,828.28,24.83
206.789,212.00,189.61,121.10,0.55,1942.50,10.38,1.00,0.98,0.02,15.59,13.92,80.00,828.28,24.83
206.939,212.00,189.61,119.75,0.55,1942.50,10.38,1.00,0.98,0.02,15.59,13.92,80.00,828.28,24.83
207.089,212.00,189.61,119.75,1.95,1942.50,10.38,1.00,0.98,0.02,15.59,13.92,80.00,828.28,24.83
207.239,212.00,189.61,119.75,1.95,3157.00,10.38,1.00,0.98,0.02,15.59,13.92,80.00,828.28,24.83
207.390,212.00,189.61,119.75,1.95,3157.00,16.30,1.00,0.98,0.02,15.59,13.92,80.00,828.28,24.83
207.539,212.00,189.61,119.75,1.95,3157.00,16.30,1.00,0.98,0.02,15.59,13.92,80.00,828.28,24.83
207.689,212.00,189.61,119.75,1.95,3157.00,16.30,1.00,0.96,0.02,15.59,13.92,80.00,828.28,24.83
207.840,212.00,189.61,119.75,1.95,3157.00,16.30,1.00,0.96,1.00,15.59,13.92,80.00,828.28,24.83
208.021,212.00,189.61,119.75,1.95,3157.00,16.30,1.00,0.96,1.00,19.00,13.92,80.00,828.28,24.83
208.170,212.00,189.61,119.75,1.95,3157.00,16.30,1.00,0.96,1.00,19.00,14.57,80.00,828.28,24.83
208.321,212.00,189.61,119.75,1.95,3157.00,16.30,1.00,0.96,1.00,19.00,14.57,248.00,828.28,24.83
208.470,212.00,189.61,119.75,1.95,3157.00,16.30,1.00,0.96,1.00,19.00,14.57,248.00,1562.89,24.83
208.620,212.00,189.61,119.75,1.95,3157.00,16.30,1.00,0.96,1.00,19.00,14.57,248.00,1562.89,39.39
208.770,212.00,189.61,119.75,1.95,3157.00,16.30,1.00,0.96,1.00,19.00,14.57,248.00,1562.89,39.39
208.921,212.00,188.89,119.75,1.95,3157.00,16.30,1.00,0.96,1.00,19.00,14.57,248.00,1562.89,39.39
209.070,212.00,188.89,117.05,1.95,3157.00,16.30,1.00,0.96,1.00,19.00,14.57,248.00,1562.89,39.39
209.221,212.00,188.89,117.05,4.55,3157.00,16.30,1.00,0.96,1.00,19.00,14.57,248.00,1562.89,39.39
209.370,212.00,188.89,117.05,4.55,3544.50,16.30,1.00,0.96,1.00,19.00,14.57,248.00,1562.89,39.39
209.521,212.00,188.89,117.05,4.55,3544.50,28.58,1.00,0.96,1.00,19.00,14.57,248.00,1562.89,39.39
209.699,212.00,188.89,117.05,4.55,3544.50,28.58,2.00,0.96,1.00,19.00,14.57,248.00,1562.89,39.39
209.849,212.00,188.89,117.05,4.55,3544.50,28.58,2.00,0.87,1.00,19.00,14.57,248.00,1562.89,39.39
210.000,212.00,188.89,117.05,4.55,3544.50,28.58,2.00,0.87,2.52,19.00,14.57,248.00,1562.89,39.39
210.150,212.00,188.89,117.05,4.55,3544.50,28.58,2.00,0.87,2.52,19.62,14.57,248.00,1562.89,39.39
210.300,212.00,188.89,117.05,4.55,3544.50,28.58,2.00,0.87,2.52,19.62,15.61,248.00,1562.89,39.39
210.449,212.00,188.89,117.05,4.55,3544.50,28.58,2.00,0.87,2.52,19.62,15.61,184.00,1562.89,39.39
210.600,212.00,188.89,117.05,4.55,3544.50,28.58,2.00,0.87,2.52,19.62,15.61,184.00,1181.57,39.39
210.749,212.00,188.89,117.05,4.55,3544.50,28.58,2.00,0.87,2.52,19.62,15.61,184.00,1181.57,29.14
210.899,213.80,188.89,117.05,4.55,3544.50,28.58,2.00,0.87,2.52,19.62,15.61,184.00,1181.57,29.14
211.049,213.80,189.07,117.05,4.55,3544.50,28.58,2.00,0.87,2.52,19.62,15.61,184.00,1181.57,29.14
211.200,213.80,189.07,114.35,4.55,3544.50,28.58,2.00,0.87,2.52,19.62,15.61,184.00,1181.57,29.14
211.349,213.80,189.07,114.35,4.58,3544.50,28.58,2.00,0.87,2.52,19.62,15.61,184.00,1181.57,29.14
211.500,213.80,189.07,114.35,4.58,3016.00,28.58,2.00,0.87,2.52,19.62,15.61,184.00,1181.57,29.14
211.649,213.80,189.07,114.35,4.58,3016.00,38.02,2.00,0.87,2.52,19.62,15.61,184.00,1181.57,29.14
211.799,213.80,189.07,114.35,4.58,3016.00,38.02,3.00,0.87,2.52,19.62,15.61,184.00,1181.57,29.14
211.949,213.80,189.07,114.35,4.58,3016.00,38.02,3.00,1.06,2.52,19.62,15.61,184.00,1181.57,29.14
212.130,213.80,189.07,114.35,4.58,3016.00,38.02,3.00,1.06,0.01,19.62,15.61,184.00,1181.57,29.14
212.280,213.80,189.07,114.35,4.58,3016.00,38.02,3.00,1.06,0.01,16.46,15.61,184.00,1181.57,29.14
212.429,213.80,189.07,114.35,4.58,3016.00,38.02,3.00,1.06,0.01,16.46,13.76,184.00,1181.57,29.14
212.580,213.80,189.07,114.35,4.58,3016.00,38.02,3.00,1.06,0.01,16.46,13.76,28.00,1181.57,29.14
212.729,213.80,189.07,114.35,4.58,3016.00,38.02,3.00,1.06,0.01,16.46,13.76,28.00,0.74,29.14
212.909,213.80,189.07,114.35,4.58,3016.00,38.02,3.00,1.06,0.01,16.46,13.76,28.00,0.74,0.00
213.060,212.00,189.07,114.35,4.58,3016.00,38.02,3.00,1.06,0.01,16.46,13.76,28.00,0.74,0.00
213.240,212.00,189.97,114.35,4.58,3016.00,38.02,3.00,1.06,0.01,16.46,13.76,28.00,0.74,0.00
213.422,212.00,189.97,115.70,4.58,3016.00,38.02,3.00,1.06,0.01,16.46,13.76,28.00,0.74,0.00
213.570,212.00,189.97,115.70,0.74,3016.00,38.02,3.00,1.06,0.01,16.46,13.76,28.00,0.74,0.00
213.722,212.00,189.97,115.70,0.74,2853.00,38.02,3.00,1.06,0.01,16.46,13.76,28.00,0.74,0.00
213.870,212.00,189.97,115.70,0.74,2853.00,34.73,3.00,1.06,0.01,16.46,13.76,28.00,0.74,0.00
214.022,212.00,189.97,115.70,0.74,2853.00,34.73,3.00,1.06,0.01,16.46,13.76,28.00,0.74,0.00
214.170,212.00,189.97,115.70,0.74,2853.00,34.73,3.00,8.55,0.01,16.46,13.76,28.00,0.74,0.00
214.322,212.00,189.97,115.70,0.74,2853.00,34.73,3.00,8.55,0.12,16.46,13.76,28.00,0.74,0.00
214.470,212.00,189.97,115.70,0.74,2853.00,34.73,3.00,8.55,0.12,15.59,13.76,28.00,0.74,0.00
214.622,212.00,189.97,115.70,0.74,2853.00,34.73,3.00,8.55,0.12,15.59,14.10,28.00,0.74,0.00
214.770,212.00,189.97,115.70,0.74,2853.00,34.73,3.00,8.55,0.12,15.59,14.10,20.00,0.74,0.00
214.922,212.00,189.97,115.70,0.74,2853.00,34.73,3.00,8.55,0.12,15.59,14.10,20.00,-36.88,0.00
215.070,212.00,189.97,115.70,0.74,2853.00,34.73,3.00,8.55,0.12,15.59,14.10,20.00,-36.88,0.00
215.222,212.00,189.97,115.70,0.74,2853.00,34.73,3.00,8.55,0.12,15.59,14.10,20.00,-36.88,0.00
215.370,212.00,190.69,115.70,0.74,2853.00,34.73,3.00,8.55,0.12,15.59,14.10,20.00,-36.88,0.00
215.522,212.00,190.69,118.40,0.74,2853.00,34.73,3.00,8.55,0.12,15.59,14.10,20.00,-36.88,0.00
215.670,212.00,190.69,118.40,0.91,2853.00,34.73,3.00,8.55,0.12,15.59,14.10,20.00,-36.88,0.00
215.821,212.00,190.69,118.40,0.91,2276.00,34.73,3.00,8.55,0.12,15.59,14.10,20.00,-36.88,0.00
215.970,212.00,190.69,118.40,0.91,2276.00,22.99,3.00,8.55,0.12,15.59,14.10,20.00,-36.88,0.00
216.122,212.00,190.69,118.40,0.91,2276.00,22.99,2.00,8.55,0.12,15.59,14.10,20.00,-36.88,0.00
216.269,212.00,190.69,118.40,0.91,2276.00,22.99,2.00,0.87,0.12,15.59,14.10,20.00,-36.88,0.00
216.420,212.00,190.69,118.40,0.91,2276.00,22.99,2.00,0.87,0.01,15.59,14.10,20.00,-36.88,0.00
216.570,212.00,190.69,118.40,0.91,2276.00,22.99,2.00,0.87,0.01,16.71,14.10,20.00,-36.88,0.00
216.720,212.00,190.69,118.40,0.91,2276.00,22.99,2.00,0.87,0.01,16.71,13.97,20.00,-36.88,0.00
216.870,212.00,190.69,118.40,0.91,2276.00,22.99,2.00,0.87,0.01,16.71,13.97,20.00,-36.88,0.00
217.022,212.00,190.69,118.40,0.91,2276.00,22.99,2.00,0.87,0.01,16.71,13.97,20.00,-36.88,0.00
217.170,212.00,190.69,118.40,0.91,2276.00,22.99,2.00,0.87,0.01,16.71,13.97,20.00,-36.88,0.00
217.322,210.20,190.69,118.40,0.91,2276.00,22.99,2.00,0.87,0.01,16.71,13.97,20.00,-36.88,0.00
217.470,210.20,191.05,118.40,0.91,2276.00,22.99,2.00,0.87,0.01,16.71,13.97,20.00,-36.88,0.00
217.622,210.20,191.05,118.40,0.91,2276.00,22.99,2.00,0.87,0.01,16.71,13.97,20.00,-36.88,0.00
217.770,210.20,191.05,118.40,0.62,2276.00,22.99,2.00,0.87,0.01,16.71,13.97,20.00,-36.88,0.00
217.922,210.20,191.05,118.40,0.62,1244.50,22.99,2.00,0.87,0.01,16.71,13.97,20.00,-36.88,0.00
218.070,210.20,191.05,118.40,0.62,1244.50,10.64,2.00,0.87,0.01,16.71,13.97,20.00,-36.88,0.00
218.222,210.20,191.05,118.40,0.62,1244.50,10.64,2.00,0.87,0.01,16.71,13.97,20.00,-36.88,0.00
218.370,210.20,191.05,118.40,0.62,1244.50,10.64,2.00,0.95,0.01,16.71,13.97,20.00,-36.88,0.00
218.520,210.20,191.05,118.40,0.62,1244.50,10.64,2.00,0.95,0.06,16.71,13.97,20.00,-36.88,0.00
218.670,210.20,191.05,118.40,0.62,1244.50,10.64,2.00,0.95,0.06,15.22,13.97,20.00,-36.88,0.00
218.822,210.20,191.05,118.40,0.62,1244.50,10.64,2.00,0.95,0.06,15.22,14.67,20.00,-36.88,0.00
218.970,210.20,191.05,118.40,0.62,1244.50,10.64,2.00,0.95,0.06,15.22,14.67,88.00,-36.88,0.00
219.122,210.20,191.05,118.40,0.62,1244.50,10.64,2.00,0.95,0.06,15.22,14.67,88.00,1028.90,0.00
219.270,210.20,191.05,118.40,0.62,1244.50,10.64,2.00,0.95,0.06,15.22,14.67,88.00,1028.90,33.76
219.422,210.20,191.05,118.40,0.62,1244.50,10.64,2.00,0.95,0.06,15.22,14.67,88.00,1028.90,33.76
219.570,210.20,191.23,118.40,0.62,1244.50,10.64,2.00,0.95,0.06,15.22,14.67,88.00,1028.90,33.76
219.722,210.20,191.23,118.40,0.62,1244.50,10.64,2.00,0.95,0.06,15.22,14.67,88.00,1028.90,33.76
219.869,210.20,191.23,118.40,3.06,1244.50,10.64,2.00,0.95,0.06,15.22,14.67,88.00,1028.90,33.76
220.022,210.20,191.23,118.40,3.06,2241.50,10.64,2.00,0.95,0.06,15.22,14.67,88.00,1028.90,33.76
220.170,210.20,191.23,118.40,3.06,2241.50,18.40,2.00,0.95,0.06,15.22,14.67,88.00,1028.90,33.76
220.321,210.20,191.23,118.40,3.06,2241.50,18.40,2.00,0.95,0.06,15.22,14.67,88.00,1028.90,33.76
220.470,210.20,191.23,118.40,3.06,2241.50,18.40,2.00,0.93,0.06,15.22,14.67,88.00,1028.90,33.76
220.621,210.20,191.23,118.40,3.06,2241.50,18.40,2.00,0.93,5.84,15.22,14.67,88.00,1028.90,33.76
220.770,210.20,191.23,118.40,3.06,2241.50,18.40,2.00,0.93,5.84,19.31,14.67,88.00,1028.90,33.76
220.922,210.20,191.23,118.40,3.06,2241.50,18.40,2.00,0.93,5.84,19.31,19.12,88.00,1028.90,33.76
221.099,210.20,191.23,118.40,3.06,2241.50,18.40,2.00,0.93,5.84,19.31,19.12,260.00,1028.90,33.76
221.249,210.20,191.23,118.40,3.06,2241.50,18.40,2.00,0.93,5.84,19.31,19.12,260.00,1650.66,33.76
221.400,210.20,191.23,118.40,3.06,2241.50,18.40,2.00,0.93,5.84,19.31,19.12,260.00,1650.66,41.05
221.550,210.20,191.23,118.40,3.06,2241.50,18.40,2.00,0.93,5.84,19.31,19.12,260.00,1650.66,41.05
221.699,210.20,191.41,118.40,3.06,2241.50,18.40,2.00,0.93,5.84,19.31,19.12,260.00,1650.66,41.05
221.850,210.20,191.41,117.05,3.06,2241.50,18.40,2.00,0.93,5.84,19.31,19.12,260.00,1650.66,41.05
221.999,210.20,191.41,117.05,5.15,2241.50,18.40,2.00,0.93,5.84,19.31,19.12,260.00,1650.66,41.05
222.150,210.20,191.41,117.05,5.15,4129.50,18.40,2.00,0.93,5.84,19.31,19.12,260.00,1650.66,41.05
222.299,210.20,191.41,117.05,5.15,4129.50,33.29,2.00,0.93,5.84,19.31,19.12,260.00,1650.66,41.05
222.450,210.20,191.41,117.05,5.15,4129.50,33.29,2.00,0.93,5.84,19.31,19.12,260.00,1650.66,41.05
222.600,210.20,191.41,117.05,5.15,4129.50,33.29,2.00,0.87,5.84,19.31,19.12,260.00,1650.66,41.05
222.749,210.20,191.41,117.05,5.15,4129.50,33.29,2.00,0.87,3.70,19.31,19.12,260.00,1650.66,41.05
222.899,210.20,191.41,117.05,5.15,4129.50,33.29,2.00,0.87,3.70,20.67,19.12,260.00,1650.66,41.05
223.050,210.20,191.41,117.05,5.15,4129.50,33.29,2.00,0.87,3.70,20.67,16.91,260.00,1650.66,41.05
223.200,210.20,191.41,117.05,5.15,4129.50,33.29,2.00,0.87,3.70,20.67,16.91,344.00,1650.66,41.05
223.350,210.20,191.41,117.05,5.15,4129.50,33.29,2.00,0.87,3.70,20.67,16.91,344.00,1255.33,41.05
223.500,210.20,191.41,117.05,5.15,4129.50,33.29,2.00,0.87,3.70,20.67,16.91,344.00,1255.33,34.44
223.649,213.80,191.41,117.05,5.15,4129.50,33.29,2.00,0.87,3.70,20.67,16.91,344.00,1255.33,34.44
223.799,213.80,191.41,117.05,5.15,4129.50,33.29,2.00,0.87,3.70,20.67,16.91,344.00,1255.33,34.44
223.950,213.80,191.41,114.35,5.15,4129.50,33.29,2.00,0.87,3.70,20.67,16.91,344.00,1255.33,34.44
224.100,213.80,191.41,114.35,7.63,4129.50,33.29,2.00,0.87,3.70,20.67,16.91,344.00,1255.33,34.44
224.250,213.80,191.41,114.35,7.63,5284.50,33.29,2.00,0.87,3.70,20.67,16.91,344.00,1255.33,34.44
224.400,213.80,191.41,114.35,7.63,5284.50,43.00,2.00,0.87,3.70,20.67,16.91,344.00,1255.33,34.44
224.549,213.80,191.41,114.35,7.63,5284.50,43.00,3.00,0.87,3.70,20.67,16.91,344.00,1255.33,34.44
224.700,213.80,191.41,114.35,7.63,5284.50,43.00,3.00,1.05,3.70,20.67,16.91,344.00,1255.33,34.44
224.850,213.80,191.41,114.35,7.63,5284.50,43.00,3.00,1.05,0.01,20.67,16.91,344.00,1255.33,34.44
225.000,213.80,191.41,114.35,7.63,5284.50,43.00,3.00,1.05,0.01,17.76,16.91,344.00,1255.33,34.44
225.150,213.80,191.41,114.35,7.63,5284.50,43.00,3.00,1.05,0.01,17.76,13.82,344.00,1255.33,34.44
225.300,213.80,191.41,114.35,7.63,5284.50,43.00,3.00,1.05,0.01,17.76,13.82,36.00,1255.33,34.44
225.450,213.80,191.41,114.35,7.63,5284.50,43.00,3.00,1.05,0.01,17.76,13.82,36.00,23.60,34.44
225.600,213.80,191.41,114.35,7.63,5284.50,43.00,3.00,1.05,0.01,17.76,13.82,36.00,23.60,0.00
225.749,213.80,191.41,114.35,7.63,5284.50,43.00,3.00,1.05,0.01,17.76,13.82,36.00,23.60,0.00
225.900,213.80,191.95,114.35,7.63,5284.50,43.00,3.00,1.05,0.01,17.76,13.82,36.00,23.60,0.00
226.049,213.80,191.95,114.35,7.63,5284.50,43.00,3.00,1.05,0.01,17.76,13.82,36.00,23.60,0.00
226.200,213.80,191.95,114.35,1.00,5284.50,43.00,3.00,1.05,0.01,17.76,13.82,36.00,23.60,0.00
226.350,213.80,191.95,114.35,1.00,3174.00,43.00,3.00,1.05,0.01,17.76,13.82,36.00,23.60,0.00
226.500,213.80,191.95,114.35,1.00,3174.00,38.67,3.00,1.05,0.01,17.76,13.82,36.00,23.60,0.00
226.649,213.80,191.95,114.35,1.00,3174.00,38.67,3.00,1.05,0.01,17.76,13.82,36.00,23.60,0.00
226.800,213.80,191.95,114.35,1.00,3174.00,38.67,3.00,8.39,0.01,17.76,13.82,36.00,23.60,0.00
226.949,213.80,191.95,114.35,1.00,3174.00,38.67,3.00,8.39,0.17,17.76,13.82,36.00,23.60,0.00
227.100,213.80,191.95,114.35,1.00,3174.00,38.67,3.00,8.39,0.17,15.78,13.82,36.00,23.60,0.00
227.250,213.80,191.95,114.35,1.00,3174.00,38.67,3.00,8.39,0.17,15.78,14.15,36.00,23.60,0.00
227.400,213.80,191.95,114.35,1.00,3174.00,38.67,3.00,8.39,0.17,15.78,14.15,24.00,23.60,0.00
227.550,213.80,191.95,114.35,1.00,3174.00,38.67,3.00,8.39,0.17,15.78,14.15,24.00,-36.88,0.00
227.700,213.80,191.95,114.35,1.00,3174.00,38.67,3.00,8.39,0.17,15.78,14.15,24.00,-36.88,0.00
227.850,213.80,191.95,114.35,1.00,3174.00,38.67,3.00,8.39,0.17,15.78,14.15,24.00,-36.88,0.00
228.000,213.80,192.49,114.35,1.00,3174.00,38.67,3.00,8.39,0.17,15.78,14.15,24.00,-36.88,0.00
228.150,213.80,192.49,117.05,1.00,3174.00,38.67,3.00,8.39,0.17,15.78,14.15,24.00,-36.88,0.00
228.299,213.80,192.49,117.05,0.97,3174.00,38.67,3.00,8.39,0.17,15.78,14.15,24.00,-36.88,0.00
228.450,213.80,192.49,117.05,0.97,2150.50,38.67,3.00,8.39,0.17,15.78,14.15,24.00,-36.88,0.00
228.600,213.80,192.49,117.05,0.97,2150.50,25.87,3.00,8.39,0.17,15.78,14.15,24.00,-36.88,0.00
228.780,213.80,192.49,117.05,0.97,2150.50,25.87,3.00,8.39,0.17,15.78,14.15,24.00,-36.88,0.00
228.930,213.80,192.49,117.05,0.97,2150.50,25.87,3.00,16.00,0.17,15.78,14.15,24.00,-36.88,0.00
229.081,213.80,192.49,117.05,0.97,2150.50,25.87,3.00,16.00,0.00,15.78,14.15,24.00,-36.88,0.00
229.230,213.80,192.49,117.05,0.97,2150.50,25.87,3.00,16.00,0.00,15.53,14.15,24.00,-36.88,0.00
229.380,213.80,192.49,117.05,0.97,2150.50,25.87,3.00,16.00,0.00,15.53,13.96,24.00,-36.88,0.00
229.530,213.80,192.49,117.05,0.97,2150.50,25.87,3.00,16.00,0.00,15.53,13.96,12.00,-36.88,0.00
229.680,213.80,192.49,117.05,0.97,2150.50,25.87,3.00,16.00,0.00,15.53,13.96,12.00,-36.88,0.00
229.830,213.80,192.49,117.05,0.97,2150.50,25.87,3.00,16.00,0.00,15.53,13.96,12.00,-36.88,0.00
229.982,212.00,192.49,117.05,0.97,2150.50,25.87,3.00,16.00,0.00,15.53,13.96,12.00,-36.88,0.00
230.130,212.00,192.13,117.05,0.97,2150.50,25.87,3.00,16.00,0.00,15.53,13.96,12.00,-36.88,0.00
230.280,212.00,192.13,118.40,0.97,2150.50,25.87,3.00,16.00,0.00,15.53,13.96,12.00,-36.88,0.00
230.432,212.00,192.13,118.40,0.45,2150.50,25.87,3.00,16.00,0.00,15.53,13.96,12.00,-36.88,0.00
230.580,212.00,192.13,118.40,0.45,1278.50,25.87,3.00,16.00,0.00,15.53,13.96,12.00,-36.88,0.00
230.730,212.00,192.13,118.40,0.45,1278.50,15.76,3.00,16.00,0.00,15.53,13.96,12.00,-36.88,0.00
230.880,212.00,192.13,118.40,0.45,1278.50,15.76,2.00,16.00,0.00,15.53,13.96,12.00,-36.88,0.00
231.030,212.00,192.13,118.40,0.45,1278.50,15.76,2.00,0.85,0.00,15.53,13.96,12.00,-36.88,0.00
231.180,212.00,192.13,118.40,0.45,1278.50,15.76,2.00,0.85,0.00,15.53,13.96,12.00,-36.88,0.00
231.330,212.00,192.13,118.40,0.45,1278.50,15.76,2.00,0.85,0.00,15.16,13.96,12.00,-36.88,0.00
231.480,212.00,192.13,118.40,0.45,1278.50,15.76,2.00,0.85,0.00,15.16,14.04,12.00,-36.88,0.00
231.630,212.00,192.13,118.40,0.45,1278.50,15.76,2.00,0.85,0.00,15.16,14.04,12.00,-36.88,0.00
231.780,212.00,192.13,118.40,0.45,1278.50,15.76,2.00,0.85,0.00,15.16,14.04,12.00,-36.88,0.00
231.930,212.00,192.13,118.40,0.45,1278.50,15.76,2.00,0.85,0.00,15.16,14.04,12.00,-36.88,6.95
232.080,212.00,192.13,118.40,0.45,1278.50,15.76,2.00,0.85,0.00,15.16,14.04,12.00,-36.88,6.95
232.230,212.00,191.95,118.40,0.45,1278.50,15.76,2.00,0.85,0.00,15.16,14.04,12.00,-36.88,6.95
232.380,212.00,191.95,119.75,0.45,1278.50,15.76,2.00,0.85,0.00,15.16,14.04,12.00,-36.88,6.95
232.530,212.00,191.95,119.75,0.34,1278.50,15.76,2.00,0.85,0.00,15.16,14.04,12.00,-36.88,6.95
232.679,212.00,191.95,119.75,0.34,1888.50,15.76,2.00,0.85,0.00,15.16,14.04,12.00,-36.88,6.95
232.830,212.00,191.95,119.75,0.34,1888.50,15.02,2.00,0.85,0.00,15.16,14.04,12.00,-36.88,6.95
232.980,212.00,191.95,119.75,0.34,1888.50,15.02,2.00,0.85,0.00,15.16,14.04,12.00,-36.88,6.95
233.130,212.00,191.95,119.75,0.34,1888.50,15.02,2.00,0.97,0.00,15.16,14.04,12.00,-36.88,6.95
233.280,212.00,191.95,119.75,0.34,1888.50,15.02,2.00,0.97,4.52,15.16,14.04,12.00,-36.88,6.95
233.430,212.00,191.95,119.75,0.34,1888.50,15.02,2.00,0.97,4.52,18.13,14.04,12.00,-36.88,6.95
233.580,212.00,191.95,119.75,0.34,1888.50,15.02,2.00,0.97,4.52,18.13,17.01,12.00,-36.88,6.95
233.730,212.00,191.95,119.75,0.34,1888.50,15.02,2.00,0.97,4.52,18.13,17.01,176.00,-36.88,6.95
233.880,212.00,191.95,119.75,0.34,1888.50,15.02,2.00,0.97,4.52,18.13,17.01,176.00,1315.07,6.95
234.030,212.00,191.95,119.75,0.34,1888.50,15.02,2.00,0.97,4.52,18.13,17.01,176.00,1315.07,29.47
234.180,212.00,191.95,119.75,0.34,1888.50,15.02,2.00,0.97,4.52,18.13,17.01,176.00,1315.07,29.47
234.330,212.00,191.59,119.75,0.34,1888.50,15.02,2.00,0.97,4.52,18.13,17.01,176.00,1315.07,29.47
234.480,212.00,191.59,117.05,0.34,1888.50,15.02,2.00,0.97,4.52,18.13,17.01,176.00,1315.07,29.47
234.660,212.00,191.59,117.05,3.05,1888.50,15.02,2.00,0.97,4.52,18.13,17.01,176.00,1315.07,29.47
234.810,212.00,191.59,117.05,3.05,1987.00,15.02,2.00,0.97,4.52,18.13,17.01,176.00,1315.07,29.47
234.960,212.00,191.59,117.05,3.05,1987.00,24.39,2.00,0.97,4.52,18.13,17.01,176.00,1315.07,29.47
235.110,212.00,191.59,117.05,3.05,1987.00,24.39,3.00,0.97,4.52,18.13,17.01,176.00,1315.07,29.47
235.289,212.00,191.59,117.05,3.05,1987.00,24.39,3.00,0.98,4.52,18.13,17.01,176.00,1315.07,29.47
235.440,212.00,191.59,117.05,3.05,1987.00,24.39,3.00,0.98,1.87,18.13,17.01,176.00,1315.07,29.47
235.590,212.00,191.59,117.05,3.05,1987.00,24.39,3.00,0.98,1.87,17.08,17.01,176.00,1315.07,29.47
235.740,212.00,191.59,117.05,3.05,1987.00,24.39,3.00,0.98,1.87,17.08,14.81,176.00,1315.07,29.47
235.890,212.00,191.59,117.05,3.05,1987.00,24.39,3.00,0.98,1.87,17.08,14.81,116.00,1315.07,29.47
236.040,212.00,191.59,117.05,3.05,1987.00,24.39,3.00,0.98,1.87,17.08,14.81,116.00,691.10,29.47
236.189,212.00,191.59,117.05,3.05,1987.00,24.39,3.00,0.98,1.87,17.08,14.81,116.00,691.10,18.87
236.340,212.00,191.59,117.05,3.05,1987.00,24.39,3.00,0.98,1.87,17.08,14.81,116.00,691.10,18.87
236.490,212.00,190.87,117.05,3.05,1987.00,24.39,3.00,0.98,1.87,17.08,14.81,116.00,691.10,18.87
236.640,212.00,190.87,117.05,3.05,1987.00,24.39,3.00,0.98,1.87,17.08,14.81,116.00,691.10,18.87
236.789,212.00,190.87,117.05,2.61,1987.00,24.39,3.00,0.98,1.87,17.08,14.81,116.00,691.10,18.87
236.940,212.00,190.87,117.05,2.61,1959.50,24.39,3.00,0.98,1.87,17.08,14.81,116.00,691.10,18.87
237.092,212.00,190.87,117.05,2.61,1959.50,29.25,3.00,0.98,1.87,17.08,14.81,116.00,691.10,18.87
237.240,212.00,190.87,117.05,2.61,1959.50,29.25,4.00,0.98,1.87,17.08,14.81,116.00,691.10,18.87
237.390,212.00,190.87,117.05,2.61,1959.50,29.25,4.00,0.99,1.87,17.08,14.81,116.00,691.10,18.87
237.540,212.00,190.87,117.05,2.61,1959.50,29.25,4.00,0.99,0.00,17.08,14.81,116.00,691.10,18.87
237.689,212.00,190.87,117.05,2.61,1959.50,29.25,4.00,0.99,0.00,16.02,14.81,116.00,691.10,18.87
237.840,212.00,190.87,117.05,2.61,1959.50,29.25,4.00,0.99,0.00,16.02,14.03,116.00,691.10,18.87
237.990,212.00,190.87,117.05,2.61,1959.50,29.25,4.00,0.99,0.00,16.02,14.03,16.00,691.10,18.87
238.140,212.00,190.87,117.05,2.61,1959.50,29.25,4.00,0.99,0.00,16.02,14.03,16.00,15.49,18.87
238.290,212.00,190.87,117.05,2.61,1959.50,29.25,4.00,0.99,0.00,16.02,14.03,16.00,15.49,0.00
238.440,210.20,190.87,117.05,2.61,1959.50,29.25,4.00,0.99,0.00,16.02,14.03,16.00,15.49,0.00
238.590,210.20,190.69,117.05,2.61,1959.50,29.25,4.00,0.99,0.00,16.02,14.03,16.00,15.49,0.00
238.740,210.20,190.69,118.40,2.61,1959.50,29.25,4.00,0.99,0.00,16.02,14.03,16.00,15.49,0.00
238.889,210.20,190.69,118.40,0.52,1959.50,29.25,4.00,0.99,0.00,16.02,14.03,16.00,15.49,0.00
239.040,210.20,190.69,118.40,0.52,1787.50,29.25,4.00,0.99,0.00,16.02,14.03,16.00,15.49,0.00
239.190,210.20,190.69,118.40,0.52,1787.50,27.87,4.00,0.99,0.00,16.02,14.03,16.00,15.49,0.00
239.340,210.20,190.69,118.40,0.52,1787.50,27.87,4.00,0.99,0.00,16.02,14.03,16.00,15.49,0.00
239.522,210.20,190.69,118.40,0.52,1787.50,27.87,4.00,1.95,0.00,16.02,14.03,16.00,15.49,0.00
239.670,210.20,190.69,118.40,0.52,1787.50,27.87,4.00,1.95,0.01,16.02,14.03,16.00,15.49,0.00
239.822,210.20,190.69,118.40,0.52,1787.50,27.87,4.00,1.95,0.01,15.22,14.03,16.00,15.49,0.00
239.970,210.20,190.69,118.40,0.52,1787.50,27.87,4.00,1.95,0.01,15.22,14.04,16.00,15.49,0.00
240.120,210.20,190.69,118.40,0.52,1787.50,27.87,4.00,1.95,0.01,15.22,14.04,12.00,15.49,0.00
240.300,210.20,190.69,118.40,0.52,1787.50,27.87,4.00,1.95,0.01,15.22,14.04,12.00,-36.88,0.00
240.450,210.20,190.69,118.40,0.52,1787.50,27.87,4.00,1.95,0.01,15.22,14.04,12.00,-36.88,0.00
240.600,210.20,190.69,118.40,0.52,1787.50,27.87,4.00,1.95,0.01,15.22,14.04,12.00,-36.88,0.00
240.750,210.20,190.87,118.40,0.52,1787.50,27.87,4.00,1.95,0.01,15.22,14.04,12.00,-36.88,0.00
240.900,210.20,190.87,119.75,0.52,1787.50,27.87,4.00,1.95,0.01,15.22,14.04,12.00,-36.88,0.00
241.050,210.20,190.87,119.75,0.48,1787.50,27.87,4.00,1.95,0.01,15.22,14.04,12.00,-36.88,0.00
241.200,210.20,190.87,119.75,0.48,1503.50,27.87,4.00,1.95,0.01,15.22,14.04,12.00,-36.88,0.00
241.350,210.20,190.87,119.75,0.48,1503.50,23.19,4.00,1.95,0.01,15.22,14.04,12.00,-36.88,0.00
241.500,210.20,190.87,119.75,0.48,1503.50,23.19,3.00,1.95,0.01,15.22,14.04,12.00,-36.88,0.00
241.650,210.20,190.87,119.75,0.48,1503.50,23.19,3.00,1.72,0.01,15.22,14.04,12.00,-36.88,0.00
241.800,210.20,190.87,119.75,0.48,1503.50,23.19,3.00,1.72,0.00,15.22,14.04,12.00,-36.88,0.00
241.950,210.20,190.87,119.75,0.48,1503.50,23.19,3.00,1.72,0.00,15.16,14.04,12.00,-36.88,0.00
242.100,210.20,190.87,119.75,0.48,1503.50,23.19,3.00,1.72,0.00,15.16,13.90,12.00,-36.88,0.00
242.250,210.20,190.87,119.75,0.48,1503.50,23.19,3.00,1.72,0.00,15.16,13.90,12.00,-36.88,0.00
242.400,210.20,190.87,119.75,0.48,1503.50,23.19,3.00,1.72,0.00,15.16,13.90,12.00,-36.88,0.00
242.550,210.20,190.87,119.75,0.48,1503.50,23.19,3.00,1.72,0.00,15.16,13.90,12.00,-36.88,0.00
242.700,210.20,190.87,119.75,0.48,1503.50,23.19,3.00,1.72,0.00,15.16,13.90,12.00,-36.88,0.00
242.850,210.20,190.51,119.75,0.48,1503.50,23.19,3.00,1.72,0.00,15.16,13.90,12.00,-36.88,0.00
243.000,210.20,190.51,119.75,0.48,1503.50,23.19,3.00,1.72,0.00,15.16,13.90,12.00,-36.88,0.00
243.150,210.20,190.51,119.75,0.26,1503.50,23.19,3.00,1.72,0.00,15.16,13.90,12.00,-36.88,0.00
243.300,210.20,190.51,119.75,0.26,1325.00,23.19,3.00,1.72,0.00,15.16,13.90,12.00,-36.88,0.00
243.450,210.20,190.51,119.75,0.26,1325.00,16.11,3.00,1.72,0.00,15.16,13.90,12.00,-36.88,0.00
243.600,210.20,190.51,119.75,0.26,1325.00,16.11,3.00,1.72,0.00,15.16,13.90,12.00,-36.88,0.00
243.750,210.20,190.51,119.75,0.26,1325.00,16.11,3.00,1.47,0.00,15.16,13.90,12.00,-36.88,0.00
243.900,210.20,190.51,119.75,0.26,1325.00,16.11,3.00,1.47,0.00,15.16,13.90,12.00,-36.88,0.00
244.050,210.20,190.51,119.75,0.26,1325.00,16.11,3.00,1.47,0.00,14.97,13.90,12.00,-36.88,0.00
244.200,210.20,190.51,119.75,0.26,1325.00,16.11,3.00,1.47,0.00,14.97,14.04,12.00,-36.88,0.00
244.350,210.20,190.51,119.75,0.26,1325.00,16.11,3.00,1.47,0.00,14.97,14.04,8.00,-36.88,0.00
244.500,210.20,190.51,119.75,0.26,1325.00,16.11,3.00,1.47,0.00,14.97,14.04,8.00,-36.88,0.00
244.680,210.20,190.51,119.75,0.26,1325.00,16.11,3.00,1.47,0.00,14.97,14.04,8.00,-36.88,0.00
244.830,210.20,190.51,119.75,0.26,1325.00,16.11,3.00,1.47,0.00,14.97,14.04,8.00,-36.88,0.00
244.980,210.20,189.61,119.75,0.26,1325.00,16.11,3.00,1.47,0.00,14.97,14.04,8.00,-36.88,0.00
245.130,210.20,189.61,121.10,0.26,1325.00,16.11,3.00,1.47,0.00,14.97,14.04,8.00,-36.88,0.00
245.280,210.20,189.61,121.10,0.17,1325.00,16.11,3.00,1.47,0.00,14.97,14.04,8.00,-36.88,0.00
245.430,210.20,189.61,121.10,0.17,1006.50,16.11,3.00,1.47,0.00,14.97,14.04,8.00,-36.88,0.00
245.580,210.20,189.61,121.10,0.17,1006.50,9.36,3.00,1.47,0.00,14.97,14.04,8.00,-36.88,0.00
245.730,210.20,189.61,121.10,0.17,1006.50,9.36,2.00,1.47,0.00,14.97,14.04,8.00,-36.88,0.00
245.880,210.20,189.61,121.10,0.17,1006.50,9.36,2.00,0.92,0.00,14.97,14.04,8.00,-36.88,0.00
246.030,210.20,189.61,121.10,0.17,1006.50,9.36,2.00,0.92,0.00,14.97,14.04,8.00,-36.88,0.00
246.180,210.20,189.61,121.10,0.17,1006.50,9.36,2.00,0.92,0.00,14.85,14.04,8.00,-36.88,0.00
246.330,210.20,189.61,121.10,0.17,1006.50,9.36,2.00,0.92,0.00,14.85,14.01,8.00,-36.88,0.00
246.480,210.20,189.61,121.10,0.17,1006.50,9.36,2.00,0.92,0.00,14.85,14.01,8.00,-36.88,0.00
246.630,210.20,189.61,121.10,0.17,1006.50,9.36,2.00,0.92,0.00,14.85,14.01,8.00,-36.88,0.00
246.810,210.20,189.61,121.10,0.17,1006.50,9.36,2.00,0.92,0.00,14.85,14.01,8.00,-36.88,0.00
246.960,210.20,189.61,121.10,0.17,1006.50,9.36,2.00,0.92,0.00,14.85,14.01,8.00,-36.88,0.00
247.110,210.20,189.07,121.10,0.17,1006.50,9.36,2.00,0.92,0.00,14.85,14.01,8.00,-36.88,0.00
247.260,210.20,189.07,122.45,0.17,1006.50,9.36,2.00,0.92,0.00,14.85,14.01,8.00,-36.88,0.00
247.410,210.20,189.07,122.45,0.11,1006.50,9.36,2.00,0.92,0.00,14.85,14.01,8.00,-36.88,0.00
247.560,210.20,189.07,122.45,0.11,1059.00,9.36,2.00,0.92,0.00,14.85,14.01,8.00,-36.88,0.00
247.710,210.20,189.07,122.45,0.11,1059.00,6.64,2.00,0.92,0.00,14.85,14.01,8.00,-36.88,0.00
247.860,210.20,189.07,122.45,0.11,1059.00,6.64,1.00,0.92,0.00,14.85,14.01,8.00,-36.88,0.00
248.040,210.20,189.07,122.45,0.11,1059.00,6.64,1.00,0.91,0.00,14.85,14.01,8.00,-36.88,0.00
248.190,210.20,189.07,122.45,0.11,1059.00,6.64,1.00,0.91,0.00,14.85,14.01,8.00,-36.88,0.00
248.370,210.20,189.07,122.45,0.11,1059.00,6.64,1.00,0.91,0.00,14.85,14.01,8.00,-36.88,0.00
248.520,210.20,189.07,122.45,0.11,1059.00,6.64,1.00,0.91,0.00,14.85,13.97,8.00,-36.88,0.00
248.670,210.20,189.07,122.45,0.11,1059.00,6.64,1.00,0.91,0.00,14.85,13.97,8.00,-36.88,0.00
248.822,210.20,189.07,122.45,0.11,1059.00,6.64,1.00,0.91,0.00,14.85,13.97,8.00,-36.88,0.00
249.000,210.20,189.07,122.45,0.11,1059.00,6.64,1.00,0.91,0.00,14.85,13.97,8.00,-36.88,0.00
249.150,210.20,189.07,122.45,0.11,1059.00,6.64,1.00,0.91,0.00,14.85,13.97,8.00,-36.88,0.00
249.300,210.20,188.71,122.45,0.11,1059.00,6.64,1.00,0.91,0.00,14.85,13.97,8.00,-36.88,0.00
249.450,210.20,188.71,123.80,0.11,1059.00,6.64,1.00,0.91,0.00,14.85,13.97,8.00,-36.88,0.00
249.600,210.20,188.71,123.80,0.11,1059.00,6.64,1.00,0.91,0.00,14.85,13.97,8.00,-36.88,0.00
249.750,210.20,188.71,123.80,0.11,760.50,6.64,1.00,0.91,0.00,14.85,13.97,8.00,-36.88,0.00
249.900,210.20,188.71,123.80,0.11,760.50,3.21,1.00,0.91,0.00,14.85,13.97,8.00,-36.88,0.00
250.050,210.20,188.71,123.80,0.11,760.50,3.21,1.00,0.91,0.00,14.85,13.97,8.00,-36.88,0.00
250.200,210.20,188.71,123.80,0.11,760.50,3.21,1.00,0.92,0.00,14.85,13.97,8.00,-36.88,0.00
250.350,210.20,188.71,123.80,0.11,760.50,3.21,1.00,0.92,0.00,14.85,13.97,8.00,-36.88,0.00
250.530,210.20,188.71,123.80,0.11,760.50,3.21,1.00,0.92,0.00,14.79,13.97,8.00,-36.88,0.00
250.680,210.20,188.71,123.80,0.11,760.50,3.21,1.00,0.92,0.00,14.79,13.94,8.00,-36.88,0.00
250.829,210.20,188.71,123.80,0.11,760.50,3.21,1.00,0.92,0.00,14.79,13.94,8.00,-36.88,0.00
250.980,210.20,188.71,123.80,0.11,760.50,3.21,1.00,0.92,0.00,14.79,13.94,8.00,67.12,0.00
251.130,210.20,188.71,123.80,0.11,760.50,3.21,1.00,0.92,0.00,14.79,13.94,8.00,67.12,0.00
251.280,210.20,188.71,123.80,0.11,760.50,3.21,1.00,0.92,0.00,14.79,13.94,8.00,67.12,0.00
251.430,210.20,188.71,123.80,0.11,760.50,3.21,1.00,0.92,0.00,14.79,13.94,8.00,67.12,0.00
251.610,210.20,188.71,123.80,0.11,760.50,3.21,1.00,0.92,0.00,14.79,13.94,8.00,67.12,0.00
251.760,210.20,188.71,123.80,0.04,760.50,3.21,1.00,0.92,0.00,14.79,13.94,8.00,67.12,0.00
251.940,210.20,188.71,123.80,0.04,691.00,3.21,1.00,0.92,0.00,14.79,13.94,8.00,67.12,0.00
252.090,210.20,188.71,123.80,0.04,691.00,0.00,1.00,0.92,0.00,14.79,13.94,8.00,67.12,0.00
252.240,210.20,188.71,123.80,0.04,691.00,0.00,0.00,0.92,0.00,14.79,13.94,8.00,67.12,0.00
252.390,210.20,188.71,123.80,0.04,691.00,0.00,0.00,0.98,0.00,14.79,13.94,8.00,67.12,0.00
252.540,210.20,188.71,123.80,0.04,691.00,0.00,0.00,0.98,0.00,14.79,13.94,8.00,67.12,0.00
252.690,210.20,188.71,123.80,0.04,691.00,0.00,0.00,0.98,0.00,14.79,13.94,8.00,67.12,0.00
252.840,210.20,188.71,123.80,0.04,691.00,0.00,0.00,0.98,0.00,14.79,14.04,8.00,67.12,0.00
252.990,210.20,188.71,123.80,0.04,691.00,0.00,0.00,0.98,0.00,14.79,14.04,8.00,67.12,0.00
253.140,210.20,188.71,123.80,0.04,691.00,0.00,0.00,0.98,0.00,14.79,14.04,8.00,72.28,0.00
253.290,210.20,188.71,123.80,0.04,691.00,0.00,0.00,0.98,0.00,14.79,14.04,8.00,72.28,0.00
253.440,208.40,188.71,123.80,0.04,691.00,0.00,0.00,0.98,0.00,14.79,14.04,8.00,72.28,0.00
253.590,208.40,188.89,123.80,0.04,691.00,0.00,0.00,0.98,0.00,14.79,14.04,8.00,72.28,0.00
253.740,208.40,188.89,125.15,0.04,691.00,0.00,0.00,0.98,0.00,14.79,14.04,8.00,72.28,0.00
253.890,208.40,188.89,125.15,0.04,691.00,0.00,0.00,0.98,0.00,14.79,14.04,8.00,72.28,0.00
254.040,208.40,188.89,125.15,0.04,685.00,0.00,0.00,0.98,0.00,14.79,14.04,8.00,72.28,0.00
254.190,208.40,188.89,125.15,0.04,685.00,0.00,0.00,0.98,0.00,14.79,14.04,8.00,72.28,0.00
254.370,208.40,188.89,125.15,0.04,685.00,0.00,0.00,0.98,0.00,14.79,14.04,8.00,72.28,0.00
254.522,208.40,188.89,125.15,0.04,685.00,0.00,0.00,0.97,0.00,14.79,14.04,8.00,72.28,0.00
254.670,208.40,188.89,125.15,0.04,685.00,0.00,0.00,0.97,0.00,14.79,14.04,8.00,72.28,0.00
254.822,208.40,188.89,125.15,0.04,685.00,0.00,0.00,0.97,0.00,14.79,14.04,8.00,72.28,0.00
254.970,208.40,188.89,125.15,0.04,685.00,0.00,0.00,0.97,0.00,14.79,13.98,8.00,72.28,0.00
255.120,208.40,188.89,125.15,0.04,685.00,0.00,0.00,0.97,0.00,14.79,13.98,4.00,72.28,0.00
255.270,208.40,188.89,125.15,0.04,685.00,0.00,0.00,0.97,0.00,14.79,13.98,4.00,17.70,0.00
255.422,208.40,188.89,125.15,0.04,685.00,0.00,0.00,0.97,0.00,14.79,13.98,4.00,17.70,0.00
255.570,208.40,188.89,125.15,0.04,685.00,0.00,0.00,0.97,0.00,14.79,13.98,4.00,17.70,0.00
255.722,208.40,189.25,125.15,0.04,685.00,0.00,0.00,0.97,0.00,14.79,13.98,4.00,17.70,0.00
255.870,208.40,189.25,125.15,0.04,685.00,0.00,0.00,0.97,0.00,14.79,13.98,4.00,17.70,0.00
256.022,208.40,189.25,125.15,0.04,685.00,0.00,0.00,0.97,0.00,14.79,13.98,4.00,17.70,0.00
256.170,208.40,189.25,125.15,0.04,688.50,0.00,0.00,0.97,0.00,14.79,13.98,4.00,17.70,0.00
256.322,208.40,189.25,125.15,0.04,688.50,0.00,0.00,0.97,0.00,14.79,13.98,4.00,17.70,0.00
256.470,208.40,189.25,125.15,0.04,688.50,0.00,0.00,0.97,0.00,14.79,13.98,4.00,17.70,0.00
256.621,208.40,189.25,125.15,0.04,688.50,0.00,0.00,1.00,0.00,14.79,13.98,4.00,17.70,0.00
256.770,208.40,189.25,125.15,0.04,688.50,0.00,0.00,1.00,0.00,14.79,13.98,4.00,17.70,0.00
256.921,208.40,189.25,125.15,0.04,688.50,0.00,0.00,1.00,0.00,14.79,13.98,4.00,17.70,0.00
257.070,208.40,189.25,125.15,0.04,688.50,0.00,0.00,1.00,0.00,14.79,13.99,4.00,17.70,0.00
257.221,208.40,189.25,125.15,0.04,688.50,0.00,0.00,1.00,0.00,14.79,13.99,8.00,17.70,0.00
257.370,208.40,189.25,125.15,0.04,688.50,0.00,0.00,1.00,0.00,14.79,13.99,8.00,17.70,0.00
257.520,208.40,189.25,125.15,0.04,688.50,0.00,0.00,1.00,0.00,14.79,13.99,8.00,17.70,0.00
257.670,208.40,189.25,125.15,0.04,688.50,0.00,0.00,1.00,0.00,14.79,13.99,8.00,17.70,0.00
257.821,208.40,189.43,125.15,0.04,688.50,0.00,0.00,1.00,0.00,14.79,13.99,8.00,17.70,0.00
257.970,208.40,189.43,126.50,0.04,688.50,0.00,0.00,1.00,0.00,14.79,13.99,8.00,17.70,0.00
258.120,208.40,189.43,126.50,0.04,688.50,0.00,0.00,1.00,0.00,14.79,13.99,8.00,17.70,0.00
258.270,208.40,189.43,126.50,0.04,696.50,0.00,0.00,1.00,0.00,14.79,13.99,8.00,17.70,0.00
258.421,208.40,189.43,126.50,0.04,696.50,0.00,0.00,1.00,0.00,14.79,13.99,8.00,17.70,0.00
258.570,208.40,189.43,126.50,0.04,696.50,0.00,0.00,1.00,0.00,14.79,13.99,8.00,17.70,0.00
258.721,208.40,189.43,126.50,0.04,696.50,0.00,0.00,1.02,0.00,14.79,13.99,8.00,17.70,0.00
258.870,208.40,189.43,126.50,0.04,696.50,0.00,0.00,1.02,0.00,14.79,13.99,8.00,17.70,0.00
259.021,208.40,189.43,126.50,0.04,696.50,0.00,0.00,1.02,0.00,14.79,13.99,8.00,17.70,0.00
259.170,208.40,189.43,126.50,0.04,696.50,0.00,0.00,1.02,0.00,14.79,13.97,8.00,17.70,0.00
259.321,208.40,189.43,126.50,0.04,696.50,0.00,0.00,1.02,0.00,14.79,13.97,8.00,17.70,0.00
259.499,208.40,189.43,126.50,0.04,696.50,0.00,0.00,1.02,0.00,14.79,13.97,8.00,16.23,0.00
259.650,208.40,189.43,126.50,0.04,696.50,0.00,0.00,1.02,0.00,14.79,13.97,8.00,16.23,0.00
259.800,208.40,189.43,126.50,0.04,696.50,0.00,0.00,1.02,0.00,14.79,13.97,8.00,16.23,0.00
259.950,208.40,189.43,126.50,0.04,696.50,0.00,0.00,1.02,0.00,14.79,13.97,8.00,16.23,0.00
260.100,208.40,189.43,126.50,0.04,696.50,0.00,0.00,1.02,0.00,14.79,13.97,8.00,16.23,0.00
260.250,208.40,189.43,126.50,0.04,696.50,0.00,0.00,1.02,0.00,14.79,13.97,8.00,16.23,0.00
260.400,208.40,189.43,126.50,0.04,717.50,0.00,0.00,1.02,0.00,14.79,13.97,8.00,16.23,0.00
260.550,208.40,189.43,126.50,0.04,717.50,0.00,0.00,1.02,0.00,14.79,13.97,8.00,16.23,0.00
260.700,208.40,189.43,126.50,0.04,717.50,0.00,0.00,1.02,0.00,14.79,13.97,8.00,16.23,0.00
260.850,208.40,189.43,126.50,0.04,717.50,0.00,0.00,0.99,0.00,14.79,13.97,8.00,16.23,0.00
261.000,208.40,189.43,126.50,0.04,717.50,0.00,0.00,0.99,0.00,14.79,13.97,8.00,16.23,0.00
261.150,208.40,189.43,126.50,0.04,717.50,0.00,0.00,0.99,0.00,14.79,13.97,8.00,16.23,0.00
261.300,208.40,189.43,126.50,0.04,717.50,0.00,0.00,0.99,0.00,14.79,13.99,8.00,16.23,0.00
261.450,208.40,189.43,126.50,0.04,717.50,0.00,0.00,0.99,0.00,14.79,13.99,8.00,16.23,0.00
261.600,208.40,189.43,126.50,0.04,717.50,0.00,0.00,0.99,0.00,14.79,13.99,8.00,11.80,0.00
261.750,208.40,189.43,126.50,0.04,717.50,0.00,0.00,0.99,0.00,14.79,13.99,8.00,11.80,0.00
261.900,208.40,189.43,126.50,0.04,717.50,0.00,0.00,0.99,0.00,14.79,13.99,8.00,11.80,0.00
262.050,208.40,189.25,126.50,0.04,717.50,0.00,0.00,0.99,0.00,14.79,13.99,8.00,11.80,0.00
262.200,208.40,189.25,126.50,0.04,717.50,0.00,0.00,0.99,0.00,14.79,13.99,8.00,11.80,0.00
262.350,208.40,189.25,126.50,0.03,717.50,0.00,0.00,0.99,0.00,14.79,13.99,8.00,11.80,0.00
